# Thermal expansivity profile M2 from Steinberger, B. and Calderwood, A.R., 2006. 
# Models of large-scale viscous flow in the Earth's mantle with constraints from 
# mineral physics and surface observations. Geophysical Journal International, 
# 167(3), pp.1461-1481. https://doi.org/10.1111/j.1365-246X.2006.03131.x
# Only next line is parsed in format: [nx] because of keyword "POINTS:"
# POINTS: 2890
# Columns: depth (m), thermal_expansivity (1/K)
depth thermal_expansivity
   1000    4.2088E-05
   2000    4.2069E-05
   3000    4.2050E-05
   4000    4.1994E-05
   5000    4.1938E-05
   6000    4.1883E-05
   7000    4.1827E-05
   8000    4.1772E-05
   9000    4.1717E-05
  10000    4.1662E-05
  11000    4.1607E-05
  12000    4.1553E-05
  13000    4.1498E-05
  14000    4.1444E-05
  15000    4.1389E-05
  16000    4.1328E-05
  17000    4.1268E-05
  18000    4.1207E-05
  19000    4.1147E-05
  20000    4.1086E-05
  21000    4.1026E-05
  22000    4.0966E-05
  23000    4.0907E-05
  24000    4.0847E-05
  25000    4.0788E-05
  26000    4.0718E-05
  27000    4.0648E-05
  28000    4.0579E-05
  29000    4.0510E-05
  30000    4.0441E-05
  31000    4.0373E-05
  32000    4.0304E-05
  33000    4.0236E-05
  34000    4.0168E-05
  35000    4.0100E-05
  36000    4.0033E-05
  37000    3.9965E-05
  38000    3.9898E-05
  39000    3.9831E-05
  40000    3.9765E-05
  41000    3.9698E-05
  42000    3.9632E-05
  43000    3.9566E-05
  44000    3.9500E-05
  45000    3.9434E-05
  46000    3.9369E-05
  47000    3.9304E-05
  48000    3.9239E-05
  49000    3.9174E-05
  50000    3.9109E-05
  51000    3.9044E-05
  52000    3.8980E-05
  53000    3.8916E-05
  54000    3.8852E-05
  55000    3.8789E-05
  56000    3.8725E-05
  57000    3.8662E-05
  58000    3.8599E-05
  59000    3.8536E-05
  60000    3.8473E-05
  61000    3.8410E-05
  62000    3.8348E-05
  63000    3.8286E-05
  64000    3.8224E-05
  65000    3.8162E-05
  66000    3.8100E-05
  67000    3.8039E-05
  68000    3.7978E-05
  69000    3.7917E-05
  70000    3.7856E-05
  71000    3.7795E-05
  72000    3.7734E-05
  73000    3.7674E-05
  74000    3.7614E-05
  75000    3.7554E-05
  76000    3.7494E-05
  77000    3.7434E-05
  78000    3.7375E-05
  79000    3.7315E-05
  80000    3.7256E-05
  81000    3.7197E-05
  82000    3.7138E-05
  83000    3.7080E-05
  84000    3.7021E-05
  85000    3.6963E-05
  86000    3.6905E-05
  87000    3.6847E-05
  88000    3.6789E-05
  89000    3.6731E-05
  90000    3.6674E-05
  91000    3.6616E-05
  92000    3.6559E-05
  93000    3.6502E-05
  94000    3.6445E-05
  95000    3.6389E-05
  96000    3.6332E-05
  97000    3.6276E-05
  98000    3.6220E-05
  99000    3.6163E-05
 100000    3.6108E-05
 101000    3.6052E-05
 102000    3.5996E-05
 103000    3.5941E-05
 104000    3.5885E-05
 105000    3.5830E-05
 106000    3.5775E-05
 107000    3.5720E-05
 108000    3.5666E-05
 109000    3.5611E-05
 110000    3.5557E-05
 111000    3.5503E-05
 112000    3.5449E-05
 113000    3.5395E-05
 114000    3.5341E-05
 115000    3.5287E-05
 116000    3.5234E-05
 117000    3.5180E-05
 118000    3.5127E-05
 119000    3.5074E-05
 120000    3.5021E-05
 121000    3.4968E-05
 122000    3.4916E-05
 123000    3.4863E-05
 124000    3.4811E-05
 125000    3.4759E-05
 126000    3.4707E-05
 127000    3.4655E-05
 128000    3.4603E-05
 129000    3.4551E-05
 130000    3.4500E-05
 131000    3.4448E-05
 132000    3.4397E-05
 133000    3.4346E-05
 134000    3.4295E-05
 135000    3.4244E-05
 136000    3.4193E-05
 137000    3.4143E-05
 138000    3.4092E-05
 139000    3.4042E-05
 140000    3.3992E-05
 141000    3.3942E-05
 142000    3.3892E-05
 143000    3.3842E-05
 144000    3.3792E-05
 145000    3.3743E-05
 146000    3.3693E-05
 147000    3.3644E-05
 148000    3.3595E-05
 149000    3.3546E-05
 150000    3.3497E-05
 151000    3.3448E-05
 152000    3.3399E-05
 153000    3.3351E-05
 154000    3.3302E-05
 155000    3.3254E-05
 156000    3.3206E-05
 157000    3.3158E-05
 158000    3.3110E-05
 159000    3.3062E-05
 160000    3.3014E-05
 161000    3.2967E-05
 162000    3.2919E-05
 163000    3.2872E-05
 164000    3.2825E-05
 165000    3.2778E-05
 166000    3.2731E-05
 167000    3.2684E-05
 168000    3.2637E-05
 169000    3.2591E-05
 170000    3.2544E-05
 171000    3.2498E-05
 172000    3.2451E-05
 173000    3.2405E-05
 174000    3.2359E-05
 175000    3.2313E-05
 176000    3.2267E-05
 177000    3.2222E-05
 178000    3.2176E-05
 179000    3.2131E-05
 180000    3.2085E-05
 181000    3.2040E-05
 182000    3.1995E-05
 183000    3.1950E-05
 184000    3.1905E-05
 185000    3.1860E-05
 186000    3.1815E-05
 187000    3.1771E-05
 188000    3.1726E-05
 189000    3.1682E-05
 190000    3.1638E-05
 191000    3.1593E-05
 192000    3.1549E-05
 193000    3.1505E-05
 194000    3.1462E-05
 195000    3.1418E-05
 196000    3.1374E-05
 197000    3.1331E-05
 198000    3.1287E-05
 199000    3.1244E-05
 200000    3.1201E-05
 201000    3.1158E-05
 202000    3.1114E-05
 203000    3.1072E-05
 204000    3.1029E-05
 205000    3.0986E-05
 206000    3.0943E-05
 207000    3.0901E-05
 208000    3.0859E-05
 209000    3.0816E-05
 210000    3.0774E-05
 211000    3.0732E-05
 212000    3.0690E-05
 213000    3.0648E-05
 214000    3.0606E-05
 215000    3.0564E-05
 216000    3.0523E-05
 217000    3.0481E-05
 218000    3.0440E-05
 219000    3.0398E-05
 220000    3.0357E-05
 221000    3.0315E-05
 222000    3.0273E-05
 223000    3.0231E-05
 224000    3.0189E-05
 225000    3.0148E-05
 226000    3.0106E-05
 227000    3.0064E-05
 228000    3.0023E-05
 229000    2.9982E-05
 230000    2.9940E-05
 231000    2.9899E-05
 232000    2.9858E-05
 233000    2.9817E-05
 234000    2.9776E-05
 235000    2.9735E-05
 236000    2.9694E-05
 237000    2.9654E-05
 238000    2.9613E-05
 239000    2.9573E-05
 240000    2.9532E-05
 241000    2.9492E-05
 242000    2.9452E-05
 243000    2.9411E-05
 244000    2.9371E-05
 245000    2.9331E-05
 246000    2.9291E-05
 247000    2.9252E-05
 248000    2.9212E-05
 249000    2.9172E-05
 250000    2.9133E-05
 251000    2.9093E-05
 252000    2.9054E-05
 253000    2.9014E-05
 254000    2.8975E-05
 255000    2.8936E-05
 256000    2.8897E-05
 257000    2.8858E-05
 258000    2.8819E-05
 259000    2.8780E-05
 260000    2.8741E-05
 261000    2.8703E-05
 262000    2.8664E-05
 263000    2.8625E-05
 264000    2.8587E-05
 265000    2.8549E-05
 266000    2.8510E-05
 267000    2.8472E-05
 268000    2.8434E-05
 269000    2.8396E-05
 270000    2.8358E-05
 271000    2.8320E-05
 272000    2.8282E-05
 273000    2.8245E-05
 274000    2.8207E-05
 275000    2.8169E-05
 276000    2.8132E-05
 277000    2.8094E-05
 278000    2.8057E-05
 279000    2.8020E-05
 280000    2.7983E-05
 281000    2.7945E-05
 282000    2.7908E-05
 283000    2.7871E-05
 284000    2.7835E-05
 285000    2.7798E-05
 286000    2.7761E-05
 287000    2.7724E-05
 288000    2.7688E-05
 289000    2.7651E-05
 290000    2.7615E-05
 291000    2.7578E-05
 292000    2.7542E-05
 293000    2.7506E-05
 294000    2.7470E-05
 295000    2.7433E-05
 296000    2.7397E-05
 297000    2.7362E-05
 298000    2.7326E-05
 299000    2.7290E-05
 300000    2.7254E-05
 301000    2.7218E-05
 302000    2.7183E-05
 303000    2.7147E-05
 304000    2.7112E-05
 305000    2.7076E-05
 306000    2.7041E-05
 307000    2.7006E-05
 308000    2.6971E-05
 309000    2.6936E-05
 310000    2.6901E-05
 311000    2.6866E-05
 312000    2.6831E-05
 313000    2.6796E-05
 314000    2.6761E-05
 315000    2.6726E-05
 316000    2.6692E-05
 317000    2.6657E-05
 318000    2.6623E-05
 319000    2.6588E-05
 320000    2.6554E-05
 321000    2.6520E-05
 322000    2.6485E-05
 323000    2.6451E-05
 324000    2.6417E-05
 325000    2.6383E-05
 326000    2.6349E-05
 327000    2.6315E-05
 328000    2.6282E-05
 329000    2.6248E-05
 330000    2.6214E-05
 331000    2.6180E-05
 332000    2.6147E-05
 333000    2.6113E-05
 334000    2.6080E-05
 335000    2.6047E-05
 336000    2.6013E-05
 337000    2.5980E-05
 338000    2.5947E-05
 339000    2.5914E-05
 340000    2.5881E-05
 341000    2.5848E-05
 342000    2.5815E-05
 343000    2.5782E-05
 344000    2.5749E-05
 345000    2.5716E-05
 346000    2.5684E-05
 347000    2.5651E-05
 348000    2.5618E-05
 349000    2.5586E-05
 350000    2.5554E-05
 351000    2.5521E-05
 352000    2.5489E-05
 353000    2.5457E-05
 354000    2.5424E-05
 355000    2.5392E-05
 356000    2.5360E-05
 357000    2.5328E-05
 358000    2.5296E-05
 359000    2.5264E-05
 360000    2.5233E-05
 361000    2.5201E-05
 362000    2.5169E-05
 363000    2.5137E-05
 364000    2.5106E-05
 365000    2.5074E-05
 366000    2.5043E-05
 367000    2.5011E-05
 368000    2.4980E-05
 369000    2.4949E-05
 370000    2.4918E-05
 371000    2.4886E-05
 372000    2.4855E-05
 373000    2.4824E-05
 374000    2.4793E-05
 375000    2.4762E-05
 376000    2.4731E-05
 377000    2.4701E-05
 378000    2.4670E-05
 379000    2.4639E-05
 380000    2.4608E-05
 381000    2.4578E-05
 382000    2.4547E-05
 383000    2.4517E-05
 384000    2.4486E-05
 385000    2.4456E-05
 386000    2.4426E-05
 387000    2.4395E-05
 388000    2.4365E-05
 389000    2.4335E-05
 390000    2.4305E-05
 391000    2.4275E-05
 392000    2.4245E-05
 393000    2.4215E-05
 394000    2.4185E-05
 395000    2.4155E-05
 396000    2.4125E-05
 397000    2.4096E-05
 398000    2.4066E-05
 399000    2.4036E-05
 400000    2.4088E-05
 401000    2.4057E-05
 402000    2.4025E-05
 403000    2.3994E-05
 404000    2.3963E-05
 405000    2.3932E-05
 406000    2.3900E-05
 407000    2.3869E-05
 408000    2.3838E-05
 409000    2.3807E-05
 410000    2.3776E-05
 411000    2.3745E-05
 412000    2.3715E-05
 413000    2.3684E-05
 414000    2.3653E-05
 415000    2.3622E-05
 416000    2.3592E-05
 417000    2.3561E-05
 418000    2.3531E-05
 419000    2.3500E-05
 420000    2.3470E-05
 421000    2.3440E-05
 422000    2.3409E-05
 423000    2.3379E-05
 424000    2.3349E-05
 425000    2.3319E-05
 426000    2.3289E-05
 427000    2.3259E-05
 428000    2.3229E-05
 429000    2.3199E-05
 430000    2.3169E-05
 431000    2.3139E-05
 432000    2.3109E-05
 433000    2.3079E-05
 434000    2.3050E-05
 435000    2.3020E-05
 436000    2.2991E-05
 437000    2.2961E-05
 438000    2.2932E-05
 439000    2.2902E-05
 440000    2.2873E-05
 441000    2.2844E-05
 442000    2.2814E-05
 443000    2.2785E-05
 444000    2.2756E-05
 445000    2.2727E-05
 446000    2.2698E-05
 447000    2.2669E-05
 448000    2.2640E-05
 449000    2.2611E-05
 450000    2.2582E-05
 451000    2.2553E-05
 452000    2.2525E-05
 453000    2.2496E-05
 454000    2.2467E-05
 455000    2.2439E-05
 456000    2.2410E-05
 457000    2.2381E-05
 458000    2.2353E-05
 459000    2.2325E-05
 460000    2.2296E-05
 461000    2.2268E-05
 462000    2.2240E-05
 463000    2.2211E-05
 464000    2.2183E-05
 465000    2.2155E-05
 466000    2.2127E-05
 467000    2.2099E-05
 468000    2.2071E-05
 469000    2.2043E-05
 470000    2.2015E-05
 471000    2.1987E-05
 472000    2.1960E-05
 473000    2.1932E-05
 474000    2.1904E-05
 475000    2.1876E-05
 476000    2.1849E-05
 477000    2.1821E-05
 478000    2.1794E-05
 479000    2.1766E-05
 480000    2.1739E-05
 481000    2.1711E-05
 482000    2.1684E-05
 483000    2.1657E-05
 484000    2.1630E-05
 485000    2.1602E-05
 486000    2.1575E-05
 487000    2.1548E-05
 488000    2.1521E-05
 489000    2.1494E-05
 490000    2.1467E-05
 491000    2.1440E-05
 492000    2.1413E-05
 493000    2.1387E-05
 494000    2.1360E-05
 495000    2.1333E-05
 496000    2.1306E-05
 497000    2.1280E-05
 498000    2.1253E-05
 499000    2.1226E-05
 500000    2.1200E-05
 501000    2.1173E-05
 502000    2.1147E-05
 503000    2.1121E-05
 504000    2.1094E-05
 505000    2.1068E-05
 506000    2.1042E-05
 507000    2.1016E-05
 508000    2.0989E-05
 509000    2.0963E-05
 510000    2.0937E-05
 511000    2.0911E-05
 512000    2.0885E-05
 513000    2.0859E-05
 514000    2.0833E-05
 515000    2.0807E-05
 516000    2.0782E-05
 517000    2.0756E-05
 518000    2.0730E-05
 519000    2.0704E-05
 520000    2.0679E-05
 521000    2.0653E-05
 522000    2.0627E-05
 523000    2.0602E-05
 524000    2.0576E-05
 525000    2.0551E-05
 526000    2.0526E-05
 527000    2.0500E-05
 528000    2.0475E-05
 529000    2.0450E-05
 530000    2.0424E-05
 531000    2.0399E-05
 532000    2.0374E-05
 533000    2.0349E-05
 534000    2.0324E-05
 535000    2.0299E-05
 536000    2.0274E-05
 537000    2.0249E-05
 538000    2.0224E-05
 539000    2.0199E-05
 540000    2.0174E-05
 541000    2.0149E-05
 542000    2.0125E-05
 543000    2.0100E-05
 544000    2.0075E-05
 545000    2.0051E-05
 546000    2.0026E-05
 547000    2.0002E-05
 548000    1.9977E-05
 549000    1.9953E-05
 550000    1.9928E-05
 551000    1.9904E-05
 552000    1.9879E-05
 553000    1.9855E-05
 554000    1.9831E-05
 555000    1.9807E-05
 556000    1.9782E-05
 557000    1.9758E-05
 558000    1.9734E-05
 559000    1.9710E-05
 560000    1.9686E-05
 561000    1.9662E-05
 562000    1.9638E-05
 563000    1.9614E-05
 564000    1.9590E-05
 565000    1.9566E-05
 566000    1.9543E-05
 567000    1.9519E-05
 568000    1.9495E-05
 569000    1.9471E-05
 570000    1.9448E-05
 571000    1.9424E-05
 572000    1.9400E-05
 573000    1.9377E-05
 574000    1.9353E-05
 575000    1.9330E-05
 576000    1.9307E-05
 577000    1.9283E-05
 578000    1.9260E-05
 579000    1.9236E-05
 580000    1.9213E-05
 581000    1.9190E-05
 582000    1.9167E-05
 583000    1.9144E-05
 584000    1.9120E-05
 585000    1.9097E-05
 586000    1.9074E-05
 587000    1.9051E-05
 588000    1.9028E-05
 589000    1.9005E-05
 590000    1.8982E-05
 591000    1.8959E-05
 592000    1.8937E-05
 593000    1.8914E-05
 594000    1.8891E-05
 595000    1.8868E-05
 596000    1.8846E-05
 597000    1.8823E-05
 598000    1.8800E-05
 599000    1.8778E-05
 600000    1.8755E-05
 601000    1.8733E-05
 602000    1.8710E-05
 603000    1.8688E-05
 604000    1.8665E-05
 605000    1.8643E-05
 606000    1.8621E-05
 607000    1.8598E-05
 608000    1.8576E-05
 609000    1.8554E-05
 610000    1.8532E-05
 611000    1.8510E-05
 612000    1.8488E-05
 613000    1.8465E-05
 614000    1.8444E-05
 615000    1.8422E-05
 616000    1.8400E-05
 617000    1.8378E-05
 618000    1.8356E-05
 619000    1.8334E-05
 620000    1.8312E-05
 621000    1.8291E-05
 622000    1.8269E-05
 623000    1.8247E-05
 624000    1.8226E-05
 625000    1.8204E-05
 626000    1.8183E-05
 627000    1.8161E-05
 628000    1.8140E-05
 629000    1.8118E-05
 630000    1.8097E-05
 631000    1.8076E-05
 632000    1.8054E-05
 633000    1.8033E-05
 634000    1.8012E-05
 635000    1.7991E-05
 636000    1.7969E-05
 637000    1.7948E-05
 638000    1.7927E-05
 639000    1.7906E-05
 640000    1.7885E-05
 641000    1.7864E-05
 642000    1.7843E-05
 643000    1.7823E-05
 644000    1.7802E-05
 645000    1.7781E-05
 646000    1.7760E-05
 647000    1.7739E-05
 648000    1.7719E-05
 649000    1.7698E-05
 650000    1.7677E-05
 651000    1.7657E-05
 652000    1.7636E-05
 653000    1.7616E-05
 654000    1.7595E-05
 655000    1.7575E-05
 656000    1.7554E-05
 657000    1.7534E-05
 658000    1.7514E-05
 659000    1.7493E-05
 660000    1.7473E-05
 661000    1.7453E-05
 662000    1.7433E-05
 663000    1.7412E-05
 664000    1.7392E-05
 665000    1.7372E-05
 666000    1.7352E-05
 667000    1.7332E-05
 668000    1.7312E-05
 669000    1.7292E-05
 670000    2.4470E-05
 671000    2.4502E-05
 672000    2.4534E-05
 673000    2.4566E-05
 674000    2.4598E-05
 675000    2.4629E-05
 676000    2.4662E-05
 677000    2.4694E-05
 678000    2.4726E-05
 679000    2.4758E-05
 680000    2.4790E-05
 681000    2.4822E-05
 682000    2.4855E-05
 683000    2.4887E-05
 684000    2.4920E-05
 685000    2.4952E-05
 686000    2.4985E-05
 687000    2.5017E-05
 688000    2.5050E-05
 689000    2.5083E-05
 690000    2.5115E-05
 691000    2.5148E-05
 692000    2.5181E-05
 693000    2.5214E-05
 694000    2.5247E-05
 695000    2.5280E-05
 696000    2.5313E-05
 697000    2.5346E-05
 698000    2.5379E-05
 699000    2.5412E-05
 700000    2.5446E-05
 701000    2.5479E-05
 702000    2.5512E-05
 703000    2.5546E-05
 704000    2.5579E-05
 705000    2.5613E-05
 706000    2.5646E-05
 707000    2.5680E-05
 708000    2.5713E-05
 709000    2.5747E-05
 710000    2.5781E-05
 711000    2.5814E-05
 712000    2.5848E-05
 713000    2.5882E-05
 714000    2.5916E-05
 715000    2.5950E-05
 716000    2.5984E-05
 717000    2.6018E-05
 718000    2.6052E-05
 719000    2.6086E-05
 720000    2.6120E-05
 721000    2.6154E-05
 722000    2.6189E-05
 723000    2.6223E-05
 724000    2.6257E-05
 725000    2.6292E-05
 726000    2.6326E-05
 727000    2.6360E-05
 728000    2.6395E-05
 729000    2.6430E-05
 730000    2.6464E-05
 731000    2.6447E-05
 732000    2.6429E-05
 733000    2.6411E-05
 734000    2.6394E-05
 735000    2.6377E-05
 736000    2.6359E-05
 737000    2.6342E-05
 738000    2.6324E-05
 739000    2.6307E-05
 740000    2.6290E-05
 741000    2.6272E-05
 742000    2.6255E-05
 743000    2.6238E-05
 744000    2.6220E-05
 745000    2.6203E-05
 746000    2.6186E-05
 747000    2.6169E-05
 748000    2.6151E-05
 749000    2.6134E-05
 750000    2.6117E-05
 751000    2.6100E-05
 752000    2.6083E-05
 753000    2.6066E-05
 754000    2.6049E-05
 755000    2.6032E-05
 756000    2.6015E-05
 757000    2.5998E-05
 758000    2.5981E-05
 759000    2.5964E-05
 760000    2.5947E-05
 761000    2.5930E-05
 762000    2.5913E-05
 763000    2.5896E-05
 764000    2.5879E-05
 765000    2.5863E-05
 766000    2.5846E-05
 767000    2.5829E-05
 768000    2.5812E-05
 769000    2.5795E-05
 770000    2.5779E-05
 771000    2.5762E-05
 772000    2.5745E-05
 773000    2.5729E-05
 774000    2.5712E-05
 775000    2.5695E-05
 776000    2.5679E-05
 777000    2.5662E-05
 778000    2.5646E-05
 779000    2.5629E-05
 780000    2.5613E-05
 781000    2.5596E-05
 782000    2.5580E-05
 783000    2.5563E-05
 784000    2.5547E-05
 785000    2.5530E-05
 786000    2.5514E-05
 787000    2.5498E-05
 788000    2.5481E-05
 789000    2.5465E-05
 790000    2.5449E-05
 791000    2.5432E-05
 792000    2.5416E-05
 793000    2.5400E-05
 794000    2.5383E-05
 795000    2.5367E-05
 796000    2.5351E-05
 797000    2.5335E-05
 798000    2.5319E-05
 799000    2.5303E-05
 800000    2.5286E-05
 801000    2.5270E-05
 802000    2.5254E-05
 803000    2.5238E-05
 804000    2.5222E-05
 805000    2.5206E-05
 806000    2.5190E-05
 807000    2.5174E-05
 808000    2.5158E-05
 809000    2.5142E-05
 810000    2.5126E-05
 811000    2.5110E-05
 812000    2.5094E-05
 813000    2.5079E-05
 814000    2.5063E-05
 815000    2.5047E-05
 816000    2.5031E-05
 817000    2.5015E-05
 818000    2.4999E-05
 819000    2.4984E-05
 820000    2.4968E-05
 821000    2.4952E-05
 822000    2.4937E-05
 823000    2.4921E-05
 824000    2.4905E-05
 825000    2.4890E-05
 826000    2.4874E-05
 827000    2.4858E-05
 828000    2.4843E-05
 829000    2.4827E-05
 830000    2.4812E-05
 831000    2.4796E-05
 832000    2.4781E-05
 833000    2.4765E-05
 834000    2.4750E-05
 835000    2.4734E-05
 836000    2.4719E-05
 837000    2.4703E-05
 838000    2.4688E-05
 839000    2.4672E-05
 840000    2.4657E-05
 841000    2.4642E-05
 842000    2.4626E-05
 843000    2.4611E-05
 844000    2.4596E-05
 845000    2.4580E-05
 846000    2.4565E-05
 847000    2.4550E-05
 848000    2.4535E-05
 849000    2.4520E-05
 850000    2.4504E-05
 851000    2.4489E-05
 852000    2.4474E-05
 853000    2.4459E-05
 854000    2.4444E-05
 855000    2.4429E-05
 856000    2.4414E-05
 857000    2.4399E-05
 858000    2.4383E-05
 859000    2.4368E-05
 860000    2.4353E-05
 861000    2.4338E-05
 862000    2.4323E-05
 863000    2.4309E-05
 864000    2.4294E-05
 865000    2.4279E-05
 866000    2.4264E-05
 867000    2.4249E-05
 868000    2.4234E-05
 869000    2.4219E-05
 870000    2.4204E-05
 871000    2.4189E-05
 872000    2.4175E-05
 873000    2.4160E-05
 874000    2.4145E-05
 875000    2.4130E-05
 876000    2.4116E-05
 877000    2.4101E-05
 878000    2.4086E-05
 879000    2.4072E-05
 880000    2.4057E-05
 881000    2.4042E-05
 882000    2.4028E-05
 883000    2.4013E-05
 884000    2.3998E-05
 885000    2.3984E-05
 886000    2.3969E-05
 887000    2.3955E-05
 888000    2.3940E-05
 889000    2.3926E-05
 890000    2.3911E-05
 891000    2.3897E-05
 892000    2.3882E-05
 893000    2.3868E-05
 894000    2.3853E-05
 895000    2.3839E-05
 896000    2.3825E-05
 897000    2.3810E-05
 898000    2.3796E-05
 899000    2.3781E-05
 900000    2.3767E-05
 901000    2.3753E-05
 902000    2.3739E-05
 903000    2.3724E-05
 904000    2.3710E-05
 905000    2.3696E-05
 906000    2.3682E-05
 907000    2.3667E-05
 908000    2.3653E-05
 909000    2.3639E-05
 910000    2.3625E-05
 911000    2.3611E-05
 912000    2.3596E-05
 913000    2.3582E-05
 914000    2.3568E-05
 915000    2.3554E-05
 916000    2.3540E-05
 917000    2.3526E-05
 918000    2.3512E-05
 919000    2.3498E-05
 920000    2.3484E-05
 921000    2.3470E-05
 922000    2.3456E-05
 923000    2.3442E-05
 924000    2.3428E-05
 925000    2.3414E-05
 926000    2.3400E-05
 927000    2.3386E-05
 928000    2.3373E-05
 929000    2.3359E-05
 930000    2.3345E-05
 931000    2.3331E-05
 932000    2.3317E-05
 933000    2.3303E-05
 934000    2.3290E-05
 935000    2.3276E-05
 936000    2.3262E-05
 937000    2.3248E-05
 938000    2.3235E-05
 939000    2.3221E-05
 940000    2.3207E-05
 941000    2.3194E-05
 942000    2.3180E-05
 943000    2.3166E-05
 944000    2.3153E-05
 945000    2.3139E-05
 946000    2.3125E-05
 947000    2.3112E-05
 948000    2.3098E-05
 949000    2.3085E-05
 950000    2.3071E-05
 951000    2.3058E-05
 952000    2.3044E-05
 953000    2.3031E-05
 954000    2.3017E-05
 955000    2.3004E-05
 956000    2.2990E-05
 957000    2.2977E-05
 958000    2.2964E-05
 959000    2.2950E-05
 960000    2.2937E-05
 961000    2.2923E-05
 962000    2.2910E-05
 963000    2.2897E-05
 964000    2.2883E-05
 965000    2.2870E-05
 966000    2.2857E-05
 967000    2.2844E-05
 968000    2.2830E-05
 969000    2.2817E-05
 970000    2.2804E-05
 971000    2.2791E-05
 972000    2.2777E-05
 973000    2.2764E-05
 974000    2.2751E-05
 975000    2.2738E-05
 976000    2.2725E-05
 977000    2.2712E-05
 978000    2.2698E-05
 979000    2.2685E-05
 980000    2.2672E-05
 981000    2.2659E-05
 982000    2.2646E-05
 983000    2.2633E-05
 984000    2.2620E-05
 985000    2.2607E-05
 986000    2.2594E-05
 987000    2.2581E-05
 988000    2.2568E-05
 989000    2.2555E-05
 990000    2.2542E-05
 991000    2.2529E-05
 992000    2.2516E-05
 993000    2.2503E-05
 994000    2.2491E-05
 995000    2.2478E-05
 996000    2.2465E-05
 997000    2.2452E-05
 998000    2.2439E-05
 999000    2.2426E-05
1000000    2.2414E-05
1001000    2.2401E-05
1002000    2.2388E-05
1003000    2.2375E-05
1004000    2.2362E-05
1005000    2.2350E-05
1006000    2.2337E-05
1007000    2.2324E-05
1008000    2.2312E-05
1009000    2.2299E-05
1010000    2.2286E-05
1011000    2.2274E-05
1012000    2.2261E-05
1013000    2.2248E-05
1014000    2.2236E-05
1015000    2.2223E-05
1016000    2.2211E-05
1017000    2.2198E-05
1018000    2.2186E-05
1019000    2.2173E-05
1020000    2.2160E-05
1021000    2.2148E-05
1022000    2.2135E-05
1023000    2.2123E-05
1024000    2.2111E-05
1025000    2.2098E-05
1026000    2.2086E-05
1027000    2.2073E-05
1028000    2.2061E-05
1029000    2.2048E-05
1030000    2.2036E-05
1031000    2.2024E-05
1032000    2.2011E-05
1033000    2.1999E-05
1034000    2.1987E-05
1035000    2.1974E-05
1036000    2.1962E-05
1037000    2.1950E-05
1038000    2.1937E-05
1039000    2.1925E-05
1040000    2.1913E-05
1041000    2.1901E-05
1042000    2.1888E-05
1043000    2.1876E-05
1044000    2.1864E-05
1045000    2.1852E-05
1046000    2.1840E-05
1047000    2.1828E-05
1048000    2.1815E-05
1049000    2.1803E-05
1050000    2.1791E-05
1051000    2.1779E-05
1052000    2.1767E-05
1053000    2.1755E-05
1054000    2.1743E-05
1055000    2.1731E-05
1056000    2.1719E-05
1057000    2.1707E-05
1058000    2.1695E-05
1059000    2.1683E-05
1060000    2.1671E-05
1061000    2.1659E-05
1062000    2.1647E-05
1063000    2.1635E-05
1064000    2.1623E-05
1065000    2.1611E-05
1066000    2.1599E-05
1067000    2.1587E-05
1068000    2.1575E-05
1069000    2.1563E-05
1070000    2.1551E-05
1071000    2.1540E-05
1072000    2.1528E-05
1073000    2.1516E-05
1074000    2.1504E-05
1075000    2.1492E-05
1076000    2.1481E-05
1077000    2.1469E-05
1078000    2.1457E-05
1079000    2.1445E-05
1080000    2.1433E-05
1081000    2.1422E-05
1082000    2.1410E-05
1083000    2.1398E-05
1084000    2.1387E-05
1085000    2.1375E-05
1086000    2.1363E-05
1087000    2.1352E-05
1088000    2.1340E-05
1089000    2.1328E-05
1090000    2.1317E-05
1091000    2.1305E-05
1092000    2.1294E-05
1093000    2.1282E-05
1094000    2.1270E-05
1095000    2.1259E-05
1096000    2.1247E-05
1097000    2.1236E-05
1098000    2.1224E-05
1099000    2.1213E-05
1100000    2.1201E-05
1101000    2.1190E-05
1102000    2.1178E-05
1103000    2.1167E-05
1104000    2.1155E-05
1105000    2.1144E-05
1106000    2.1133E-05
1107000    2.1121E-05
1108000    2.1110E-05
1109000    2.1098E-05
1110000    2.1087E-05
1111000    2.1076E-05
1112000    2.1064E-05
1113000    2.1053E-05
1114000    2.1042E-05
1115000    2.1030E-05
1116000    2.1019E-05
1117000    2.1008E-05
1118000    2.0997E-05
1119000    2.0985E-05
1120000    2.0974E-05
1121000    2.0963E-05
1122000    2.0952E-05
1123000    2.0940E-05
1124000    2.0929E-05
1125000    2.0918E-05
1126000    2.0907E-05
1127000    2.0896E-05
1128000    2.0884E-05
1129000    2.0873E-05
1130000    2.0862E-05
1131000    2.0851E-05
1132000    2.0840E-05
1133000    2.0829E-05
1134000    2.0818E-05
1135000    2.0807E-05
1136000    2.0796E-05
1137000    2.0785E-05
1138000    2.0773E-05
1139000    2.0762E-05
1140000    2.0751E-05
1141000    2.0740E-05
1142000    2.0729E-05
1143000    2.0718E-05
1144000    2.0707E-05
1145000    2.0696E-05
1146000    2.0686E-05
1147000    2.0675E-05
1148000    2.0664E-05
1149000    2.0653E-05
1150000    2.0642E-05
1151000    2.0631E-05
1152000    2.0620E-05
1153000    2.0609E-05
1154000    2.0598E-05
1155000    2.0587E-05
1156000    2.0577E-05
1157000    2.0566E-05
1158000    2.0555E-05
1159000    2.0544E-05
1160000    2.0533E-05
1161000    2.0523E-05
1162000    2.0512E-05
1163000    2.0501E-05
1164000    2.0490E-05
1165000    2.0480E-05
1166000    2.0469E-05
1167000    2.0458E-05
1168000    2.0447E-05
1169000    2.0437E-05
1170000    2.0426E-05
1171000    2.0415E-05
1172000    2.0405E-05
1173000    2.0394E-05
1174000    2.0383E-05
1175000    2.0373E-05
1176000    2.0362E-05
1177000    2.0352E-05
1178000    2.0341E-05
1179000    2.0330E-05
1180000    2.0320E-05
1181000    2.0309E-05
1182000    2.0299E-05
1183000    2.0288E-05
1184000    2.0278E-05
1185000    2.0267E-05
1186000    2.0257E-05
1187000    2.0246E-05
1188000    2.0236E-05
1189000    2.0225E-05
1190000    2.0215E-05
1191000    2.0204E-05
1192000    2.0194E-05
1193000    2.0183E-05
1194000    2.0173E-05
1195000    2.0162E-05
1196000    2.0152E-05
1197000    2.0142E-05
1198000    2.0131E-05
1199000    2.0121E-05
1200000    2.0110E-05
1201000    2.0100E-05
1202000    2.0090E-05
1203000    2.0079E-05
1204000    2.0069E-05
1205000    2.0059E-05
1206000    2.0049E-05
1207000    2.0038E-05
1208000    2.0028E-05
1209000    2.0018E-05
1210000    2.0007E-05
1211000    1.9997E-05
1212000    1.9987E-05
1213000    1.9977E-05
1214000    1.9966E-05
1215000    1.9956E-05
1216000    1.9946E-05
1217000    1.9936E-05
1218000    1.9926E-05
1219000    1.9916E-05
1220000    1.9905E-05
1221000    1.9895E-05
1222000    1.9885E-05
1223000    1.9875E-05
1224000    1.9865E-05
1225000    1.9855E-05
1226000    1.9845E-05
1227000    1.9835E-05
1228000    1.9824E-05
1229000    1.9814E-05
1230000    1.9804E-05
1231000    1.9794E-05
1232000    1.9784E-05
1233000    1.9774E-05
1234000    1.9764E-05
1235000    1.9754E-05
1236000    1.9744E-05
1237000    1.9734E-05
1238000    1.9724E-05
1239000    1.9714E-05
1240000    1.9704E-05
1241000    1.9694E-05
1242000    1.9684E-05
1243000    1.9674E-05
1244000    1.9665E-05
1245000    1.9655E-05
1246000    1.9645E-05
1247000    1.9635E-05
1248000    1.9625E-05
1249000    1.9615E-05
1250000    1.9605E-05
1251000    1.9595E-05
1252000    1.9586E-05
1253000    1.9576E-05
1254000    1.9566E-05
1255000    1.9556E-05
1256000    1.9546E-05
1257000    1.9536E-05
1258000    1.9527E-05
1259000    1.9517E-05
1260000    1.9507E-05
1261000    1.9497E-05
1262000    1.9488E-05
1263000    1.9478E-05
1264000    1.9468E-05
1265000    1.9458E-05
1266000    1.9449E-05
1267000    1.9439E-05
1268000    1.9429E-05
1269000    1.9420E-05
1270000    1.9410E-05
1271000    1.9400E-05
1272000    1.9391E-05
1273000    1.9381E-05
1274000    1.9371E-05
1275000    1.9362E-05
1276000    1.9352E-05
1277000    1.9343E-05
1278000    1.9333E-05
1279000    1.9323E-05
1280000    1.9314E-05
1281000    1.9304E-05
1282000    1.9295E-05
1283000    1.9285E-05
1284000    1.9276E-05
1285000    1.9266E-05
1286000    1.9257E-05
1287000    1.9247E-05
1288000    1.9238E-05
1289000    1.9228E-05
1290000    1.9219E-05
1291000    1.9209E-05
1292000    1.9200E-05
1293000    1.9190E-05
1294000    1.9181E-05
1295000    1.9171E-05
1296000    1.9162E-05
1297000    1.9153E-05
1298000    1.9143E-05
1299000    1.9134E-05
1300000    1.9124E-05
1301000    1.9115E-05
1302000    1.9106E-05
1303000    1.9096E-05
1304000    1.9087E-05
1305000    1.9077E-05
1306000    1.9068E-05
1307000    1.9059E-05
1308000    1.9050E-05
1309000    1.9040E-05
1310000    1.9031E-05
1311000    1.9022E-05
1312000    1.9012E-05
1313000    1.9003E-05
1314000    1.8994E-05
1315000    1.8985E-05
1316000    1.8975E-05
1317000    1.8966E-05
1318000    1.8957E-05
1319000    1.8948E-05
1320000    1.8938E-05
1321000    1.8929E-05
1322000    1.8920E-05
1323000    1.8911E-05
1324000    1.8902E-05
1325000    1.8892E-05
1326000    1.8883E-05
1327000    1.8874E-05
1328000    1.8865E-05
1329000    1.8856E-05
1330000    1.8847E-05
1331000    1.8838E-05
1332000    1.8829E-05
1333000    1.8819E-05
1334000    1.8810E-05
1335000    1.8801E-05
1336000    1.8792E-05
1337000    1.8783E-05
1338000    1.8774E-05
1339000    1.8765E-05
1340000    1.8756E-05
1341000    1.8747E-05
1342000    1.8738E-05
1343000    1.8729E-05
1344000    1.8720E-05
1345000    1.8711E-05
1346000    1.8702E-05
1347000    1.8693E-05
1348000    1.8684E-05
1349000    1.8675E-05
1350000    1.8666E-05
1351000    1.8657E-05
1352000    1.8648E-05
1353000    1.8639E-05
1354000    1.8630E-05
1355000    1.8621E-05
1356000    1.8613E-05
1357000    1.8604E-05
1358000    1.8595E-05
1359000    1.8586E-05
1360000    1.8577E-05
1361000    1.8568E-05
1362000    1.8559E-05
1363000    1.8550E-05
1364000    1.8542E-05
1365000    1.8533E-05
1366000    1.8524E-05
1367000    1.8515E-05
1368000    1.8506E-05
1369000    1.8498E-05
1370000    1.8489E-05
1371000    1.8480E-05
1372000    1.8471E-05
1373000    1.8462E-05
1374000    1.8454E-05
1375000    1.8445E-05
1376000    1.8436E-05
1377000    1.8427E-05
1378000    1.8419E-05
1379000    1.8410E-05
1380000    1.8401E-05
1381000    1.8393E-05
1382000    1.8384E-05
1383000    1.8375E-05
1384000    1.8367E-05
1385000    1.8358E-05
1386000    1.8349E-05
1387000    1.8341E-05
1388000    1.8332E-05
1389000    1.8323E-05
1390000    1.8315E-05
1391000    1.8306E-05
1392000    1.8298E-05
1393000    1.8289E-05
1394000    1.8280E-05
1395000    1.8272E-05
1396000    1.8263E-05
1397000    1.8255E-05
1398000    1.8246E-05
1399000    1.8237E-05
1400000    1.8229E-05
1401000    1.8220E-05
1402000    1.8212E-05
1403000    1.8203E-05
1404000    1.8195E-05
1405000    1.8186E-05
1406000    1.8178E-05
1407000    1.8169E-05
1408000    1.8161E-05
1409000    1.8152E-05
1410000    1.8144E-05
1411000    1.8135E-05
1412000    1.8127E-05
1413000    1.8119E-05
1414000    1.8110E-05
1415000    1.8102E-05
1416000    1.8093E-05
1417000    1.8085E-05
1418000    1.8076E-05
1419000    1.8068E-05
1420000    1.8060E-05
1421000    1.8051E-05
1422000    1.8043E-05
1423000    1.8035E-05
1424000    1.8026E-05
1425000    1.8018E-05
1426000    1.8010E-05
1427000    1.8001E-05
1428000    1.7993E-05
1429000    1.7985E-05
1430000    1.7976E-05
1431000    1.7968E-05
1432000    1.7960E-05
1433000    1.7951E-05
1434000    1.7943E-05
1435000    1.7935E-05
1436000    1.7927E-05
1437000    1.7918E-05
1438000    1.7910E-05
1439000    1.7902E-05
1440000    1.7894E-05
1441000    1.7885E-05
1442000    1.7877E-05
1443000    1.7869E-05
1444000    1.7861E-05
1445000    1.7852E-05
1446000    1.7844E-05
1447000    1.7836E-05
1448000    1.7828E-05
1449000    1.7820E-05
1450000    1.7812E-05
1451000    1.7803E-05
1452000    1.7795E-05
1453000    1.7787E-05
1454000    1.7779E-05
1455000    1.7771E-05
1456000    1.7763E-05
1457000    1.7755E-05
1458000    1.7747E-05
1459000    1.7738E-05
1460000    1.7730E-05
1461000    1.7722E-05
1462000    1.7714E-05
1463000    1.7706E-05
1464000    1.7698E-05
1465000    1.7690E-05
1466000    1.7682E-05
1467000    1.7674E-05
1468000    1.7666E-05
1469000    1.7658E-05
1470000    1.7650E-05
1471000    1.7642E-05
1472000    1.7634E-05
1473000    1.7626E-05
1474000    1.7618E-05
1475000    1.7610E-05
1476000    1.7602E-05
1477000    1.7594E-05
1478000    1.7586E-05
1479000    1.7578E-05
1480000    1.7570E-05
1481000    1.7562E-05
1482000    1.7554E-05
1483000    1.7546E-05
1484000    1.7538E-05
1485000    1.7530E-05
1486000    1.7523E-05
1487000    1.7515E-05
1488000    1.7507E-05
1489000    1.7499E-05
1490000    1.7491E-05
1491000    1.7483E-05
1492000    1.7475E-05
1493000    1.7467E-05
1494000    1.7460E-05
1495000    1.7452E-05
1496000    1.7444E-05
1497000    1.7436E-05
1498000    1.7428E-05
1499000    1.7420E-05
1500000    1.7413E-05
1501000    1.7405E-05
1502000    1.7397E-05
1503000    1.7389E-05
1504000    1.7381E-05
1505000    1.7374E-05
1506000    1.7366E-05
1507000    1.7358E-05
1508000    1.7350E-05
1509000    1.7343E-05
1510000    1.7335E-05
1511000    1.7327E-05
1512000    1.7320E-05
1513000    1.7312E-05
1514000    1.7304E-05
1515000    1.7296E-05
1516000    1.7289E-05
1517000    1.7281E-05
1518000    1.7273E-05
1519000    1.7266E-05
1520000    1.7258E-05
1521000    1.7250E-05
1522000    1.7243E-05
1523000    1.7235E-05
1524000    1.7227E-05
1525000    1.7220E-05
1526000    1.7212E-05
1527000    1.7204E-05
1528000    1.7197E-05
1529000    1.7189E-05
1530000    1.7182E-05
1531000    1.7174E-05
1532000    1.7166E-05
1533000    1.7159E-05
1534000    1.7151E-05
1535000    1.7144E-05
1536000    1.7136E-05
1537000    1.7129E-05
1538000    1.7121E-05
1539000    1.7114E-05
1540000    1.7106E-05
1541000    1.7098E-05
1542000    1.7091E-05
1543000    1.7083E-05
1544000    1.7076E-05
1545000    1.7068E-05
1546000    1.7061E-05
1547000    1.7053E-05
1548000    1.7046E-05
1549000    1.7038E-05
1550000    1.7031E-05
1551000    1.7024E-05
1552000    1.7016E-05
1553000    1.7009E-05
1554000    1.7001E-05
1555000    1.6994E-05
1556000    1.6986E-05
1557000    1.6979E-05
1558000    1.6971E-05
1559000    1.6964E-05
1560000    1.6957E-05
1561000    1.6949E-05
1562000    1.6942E-05
1563000    1.6934E-05
1564000    1.6927E-05
1565000    1.6920E-05
1566000    1.6912E-05
1567000    1.6905E-05
1568000    1.6898E-05
1569000    1.6890E-05
1570000    1.6883E-05
1571000    1.6876E-05
1572000    1.6868E-05
1573000    1.6861E-05
1574000    1.6854E-05
1575000    1.6846E-05
1576000    1.6839E-05
1577000    1.6832E-05
1578000    1.6824E-05
1579000    1.6817E-05
1580000    1.6810E-05
1581000    1.6803E-05
1582000    1.6795E-05
1583000    1.6788E-05
1584000    1.6781E-05
1585000    1.6774E-05
1586000    1.6766E-05
1587000    1.6759E-05
1588000    1.6752E-05
1589000    1.6745E-05
1590000    1.6737E-05
1591000    1.6730E-05
1592000    1.6723E-05
1593000    1.6716E-05
1594000    1.6709E-05
1595000    1.6701E-05
1596000    1.6694E-05
1597000    1.6687E-05
1598000    1.6680E-05
1599000    1.6673E-05
1600000    1.6666E-05
1601000    1.6658E-05
1602000    1.6651E-05
1603000    1.6644E-05
1604000    1.6637E-05
1605000    1.6630E-05
1606000    1.6623E-05
1607000    1.6616E-05
1608000    1.6608E-05
1609000    1.6601E-05
1610000    1.6594E-05
1611000    1.6587E-05
1612000    1.6580E-05
1613000    1.6573E-05
1614000    1.6566E-05
1615000    1.6559E-05
1616000    1.6552E-05
1617000    1.6545E-05
1618000    1.6538E-05
1619000    1.6531E-05
1620000    1.6524E-05
1621000    1.6517E-05
1622000    1.6510E-05
1623000    1.6503E-05
1624000    1.6496E-05
1625000    1.6489E-05
1626000    1.6482E-05
1627000    1.6475E-05
1628000    1.6468E-05
1629000    1.6461E-05
1630000    1.6454E-05
1631000    1.6447E-05
1632000    1.6440E-05
1633000    1.6433E-05
1634000    1.6426E-05
1635000    1.6419E-05
1636000    1.6412E-05
1637000    1.6405E-05
1638000    1.6398E-05
1639000    1.6391E-05
1640000    1.6384E-05
1641000    1.6377E-05
1642000    1.6370E-05
1643000    1.6363E-05
1644000    1.6356E-05
1645000    1.6350E-05
1646000    1.6343E-05
1647000    1.6336E-05
1648000    1.6329E-05
1649000    1.6322E-05
1650000    1.6315E-05
1651000    1.6308E-05
1652000    1.6301E-05
1653000    1.6295E-05
1654000    1.6288E-05
1655000    1.6281E-05
1656000    1.6274E-05
1657000    1.6267E-05
1658000    1.6261E-05
1659000    1.6254E-05
1660000    1.6247E-05
1661000    1.6240E-05
1662000    1.6233E-05
1663000    1.6226E-05
1664000    1.6220E-05
1665000    1.6213E-05
1666000    1.6206E-05
1667000    1.6199E-05
1668000    1.6193E-05
1669000    1.6186E-05
1670000    1.6179E-05
1671000    1.6172E-05
1672000    1.6166E-05
1673000    1.6159E-05
1674000    1.6152E-05
1675000    1.6145E-05
1676000    1.6139E-05
1677000    1.6132E-05
1678000    1.6125E-05
1679000    1.6119E-05
1680000    1.6112E-05
1681000    1.6105E-05
1682000    1.6099E-05
1683000    1.6092E-05
1684000    1.6085E-05
1685000    1.6079E-05
1686000    1.6072E-05
1687000    1.6065E-05
1688000    1.6059E-05
1689000    1.6052E-05
1690000    1.6045E-05
1691000    1.6039E-05
1692000    1.6032E-05
1693000    1.6025E-05
1694000    1.6019E-05
1695000    1.6012E-05
1696000    1.6006E-05
1697000    1.5999E-05
1698000    1.5992E-05
1699000    1.5986E-05
1700000    1.5979E-05
1701000    1.5973E-05
1702000    1.5966E-05
1703000    1.5959E-05
1704000    1.5953E-05
1705000    1.5946E-05
1706000    1.5940E-05
1707000    1.5933E-05
1708000    1.5927E-05
1709000    1.5920E-05
1710000    1.5914E-05
1711000    1.5907E-05
1712000    1.5901E-05
1713000    1.5894E-05
1714000    1.5887E-05
1715000    1.5881E-05
1716000    1.5874E-05
1717000    1.5868E-05
1718000    1.5861E-05
1719000    1.5855E-05
1720000    1.5848E-05
1721000    1.5842E-05
1722000    1.5836E-05
1723000    1.5829E-05
1724000    1.5823E-05
1725000    1.5816E-05
1726000    1.5810E-05
1727000    1.5803E-05
1728000    1.5797E-05
1729000    1.5790E-05
1730000    1.5784E-05
1731000    1.5778E-05
1732000    1.5771E-05
1733000    1.5765E-05
1734000    1.5758E-05
1735000    1.5752E-05
1736000    1.5745E-05
1737000    1.5739E-05
1738000    1.5733E-05
1739000    1.5726E-05
1740000    1.5720E-05
1741000    1.5714E-05
1742000    1.5707E-05
1743000    1.5701E-05
1744000    1.5694E-05
1745000    1.5688E-05
1746000    1.5682E-05
1747000    1.5675E-05
1748000    1.5669E-05
1749000    1.5663E-05
1750000    1.5656E-05
1751000    1.5650E-05
1752000    1.5644E-05
1753000    1.5637E-05
1754000    1.5631E-05
1755000    1.5625E-05
1756000    1.5619E-05
1757000    1.5612E-05
1758000    1.5606E-05
1759000    1.5600E-05
1760000    1.5593E-05
1761000    1.5587E-05
1762000    1.5581E-05
1763000    1.5575E-05
1764000    1.5568E-05
1765000    1.5562E-05
1766000    1.5556E-05
1767000    1.5550E-05
1768000    1.5543E-05
1769000    1.5537E-05
1770000    1.5531E-05
1771000    1.5525E-05
1772000    1.5518E-05
1773000    1.5512E-05
1774000    1.5506E-05
1775000    1.5500E-05
1776000    1.5494E-05
1777000    1.5487E-05
1778000    1.5481E-05
1779000    1.5475E-05
1780000    1.5469E-05
1781000    1.5463E-05
1782000    1.5457E-05
1783000    1.5450E-05
1784000    1.5444E-05
1785000    1.5438E-05
1786000    1.5432E-05
1787000    1.5426E-05
1788000    1.5420E-05
1789000    1.5414E-05
1790000    1.5407E-05
1791000    1.5401E-05
1792000    1.5395E-05
1793000    1.5389E-05
1794000    1.5383E-05
1795000    1.5377E-05
1796000    1.5371E-05
1797000    1.5365E-05
1798000    1.5358E-05
1799000    1.5352E-05
1800000    1.5346E-05
1801000    1.5340E-05
1802000    1.5334E-05
1803000    1.5328E-05
1804000    1.5322E-05
1805000    1.5316E-05
1806000    1.5310E-05
1807000    1.5304E-05
1808000    1.5298E-05
1809000    1.5292E-05
1810000    1.5286E-05
1811000    1.5280E-05
1812000    1.5274E-05
1813000    1.5268E-05
1814000    1.5262E-05
1815000    1.5256E-05
1816000    1.5250E-05
1817000    1.5244E-05
1818000    1.5238E-05
1819000    1.5232E-05
1820000    1.5226E-05
1821000    1.5220E-05
1822000    1.5214E-05
1823000    1.5208E-05
1824000    1.5202E-05
1825000    1.5196E-05
1826000    1.5190E-05
1827000    1.5184E-05
1828000    1.5178E-05
1829000    1.5172E-05
1830000    1.5166E-05
1831000    1.5160E-05
1832000    1.5154E-05
1833000    1.5148E-05
1834000    1.5142E-05
1835000    1.5136E-05
1836000    1.5130E-05
1837000    1.5124E-05
1838000    1.5119E-05
1839000    1.5113E-05
1840000    1.5107E-05
1841000    1.5101E-05
1842000    1.5095E-05
1843000    1.5089E-05
1844000    1.5083E-05
1845000    1.5077E-05
1846000    1.5071E-05
1847000    1.5066E-05
1848000    1.5060E-05
1849000    1.5054E-05
1850000    1.5048E-05
1851000    1.5042E-05
1852000    1.5036E-05
1853000    1.5030E-05
1854000    1.5025E-05
1855000    1.5019E-05
1856000    1.5013E-05
1857000    1.5007E-05
1858000    1.5001E-05
1859000    1.4996E-05
1860000    1.4990E-05
1861000    1.4984E-05
1862000    1.4978E-05
1863000    1.4972E-05
1864000    1.4967E-05
1865000    1.4961E-05
1866000    1.4955E-05
1867000    1.4949E-05
1868000    1.4943E-05
1869000    1.4938E-05
1870000    1.4932E-05
1871000    1.4926E-05
1872000    1.4920E-05
1873000    1.4915E-05
1874000    1.4909E-05
1875000    1.4903E-05
1876000    1.4897E-05
1877000    1.4892E-05
1878000    1.4886E-05
1879000    1.4880E-05
1880000    1.4874E-05
1881000    1.4869E-05
1882000    1.4863E-05
1883000    1.4857E-05
1884000    1.4852E-05
1885000    1.4846E-05
1886000    1.4840E-05
1887000    1.4835E-05
1888000    1.4829E-05
1889000    1.4823E-05
1890000    1.4817E-05
1891000    1.4812E-05
1892000    1.4806E-05
1893000    1.4800E-05
1894000    1.4795E-05
1895000    1.4789E-05
1896000    1.4783E-05
1897000    1.4778E-05
1898000    1.4772E-05
1899000    1.4767E-05
1900000    1.4761E-05
1901000    1.4755E-05
1902000    1.4750E-05
1903000    1.4744E-05
1904000    1.4738E-05
1905000    1.4733E-05
1906000    1.4727E-05
1907000    1.4722E-05
1908000    1.4716E-05
1909000    1.4710E-05
1910000    1.4705E-05
1911000    1.4699E-05
1912000    1.4694E-05
1913000    1.4688E-05
1914000    1.4682E-05
1915000    1.4677E-05
1916000    1.4671E-05
1917000    1.4666E-05
1918000    1.4660E-05
1919000    1.4655E-05
1920000    1.4649E-05
1921000    1.4643E-05
1922000    1.4638E-05
1923000    1.4632E-05
1924000    1.4627E-05
1925000    1.4621E-05
1926000    1.4616E-05
1927000    1.4610E-05
1928000    1.4605E-05
1929000    1.4599E-05
1930000    1.4594E-05
1931000    1.4588E-05
1932000    1.4583E-05
1933000    1.4577E-05
1934000    1.4572E-05
1935000    1.4566E-05
1936000    1.4561E-05
1937000    1.4555E-05
1938000    1.4550E-05
1939000    1.4544E-05
1940000    1.4539E-05
1941000    1.4533E-05
1942000    1.4528E-05
1943000    1.4522E-05
1944000    1.4517E-05
1945000    1.4511E-05
1946000    1.4506E-05
1947000    1.4501E-05
1948000    1.4495E-05
1949000    1.4490E-05
1950000    1.4484E-05
1951000    1.4479E-05
1952000    1.4473E-05
1953000    1.4468E-05
1954000    1.4463E-05
1955000    1.4457E-05
1956000    1.4452E-05
1957000    1.4446E-05
1958000    1.4441E-05
1959000    1.4436E-05
1960000    1.4430E-05
1961000    1.4425E-05
1962000    1.4419E-05
1963000    1.4414E-05
1964000    1.4409E-05
1965000    1.4403E-05
1966000    1.4398E-05
1967000    1.4392E-05
1968000    1.4387E-05
1969000    1.4382E-05
1970000    1.4376E-05
1971000    1.4371E-05
1972000    1.4366E-05
1973000    1.4360E-05
1974000    1.4355E-05
1975000    1.4350E-05
1976000    1.4344E-05
1977000    1.4339E-05
1978000    1.4334E-05
1979000    1.4328E-05
1980000    1.4323E-05
1981000    1.4318E-05
1982000    1.4312E-05
1983000    1.4307E-05
1984000    1.4302E-05
1985000    1.4297E-05
1986000    1.4291E-05
1987000    1.4286E-05
1988000    1.4281E-05
1989000    1.4275E-05
1990000    1.4270E-05
1991000    1.4265E-05
1992000    1.4260E-05
1993000    1.4254E-05
1994000    1.4249E-05
1995000    1.4244E-05
1996000    1.4238E-05
1997000    1.4233E-05
1998000    1.4228E-05
1999000    1.4223E-05
2000000    1.4218E-05
2001000    1.4212E-05
2002000    1.4207E-05
2003000    1.4202E-05
2004000    1.4197E-05
2005000    1.4191E-05
2006000    1.4186E-05
2007000    1.4181E-05
2008000    1.4176E-05
2009000    1.4171E-05
2010000    1.4165E-05
2011000    1.4160E-05
2012000    1.4155E-05
2013000    1.4150E-05
2014000    1.4145E-05
2015000    1.4139E-05
2016000    1.4134E-05
2017000    1.4129E-05
2018000    1.4124E-05
2019000    1.4119E-05
2020000    1.4113E-05
2021000    1.4108E-05
2022000    1.4103E-05
2023000    1.4098E-05
2024000    1.4093E-05
2025000    1.4088E-05
2026000    1.4083E-05
2027000    1.4077E-05
2028000    1.4072E-05
2029000    1.4067E-05
2030000    1.4062E-05
2031000    1.4057E-05
2032000    1.4052E-05
2033000    1.4047E-05
2034000    1.4042E-05
2035000    1.4036E-05
2036000    1.4031E-05
2037000    1.4026E-05
2038000    1.4021E-05
2039000    1.4016E-05
2040000    1.4011E-05
2041000    1.4006E-05
2042000    1.4001E-05
2043000    1.3996E-05
2044000    1.3991E-05
2045000    1.3985E-05
2046000    1.3980E-05
2047000    1.3975E-05
2048000    1.3970E-05
2049000    1.3965E-05
2050000    1.3960E-05
2051000    1.3955E-05
2052000    1.3950E-05
2053000    1.3945E-05
2054000    1.3940E-05
2055000    1.3935E-05
2056000    1.3930E-05
2057000    1.3925E-05
2058000    1.3920E-05
2059000    1.3915E-05
2060000    1.3910E-05
2061000    1.3905E-05
2062000    1.3900E-05
2063000    1.3895E-05
2064000    1.3890E-05
2065000    1.3885E-05
2066000    1.3880E-05
2067000    1.3875E-05
2068000    1.3870E-05
2069000    1.3865E-05
2070000    1.3860E-05
2071000    1.3855E-05
2072000    1.3850E-05
2073000    1.3845E-05
2074000    1.3840E-05
2075000    1.3835E-05
2076000    1.3830E-05
2077000    1.3825E-05
2078000    1.3820E-05
2079000    1.3815E-05
2080000    1.3810E-05
2081000    1.3805E-05
2082000    1.3800E-05
2083000    1.3795E-05
2084000    1.3790E-05
2085000    1.3785E-05
2086000    1.3780E-05
2087000    1.3775E-05
2088000    1.3770E-05
2089000    1.3766E-05
2090000    1.3761E-05
2091000    1.3756E-05
2092000    1.3751E-05
2093000    1.3746E-05
2094000    1.3741E-05
2095000    1.3736E-05
2096000    1.3731E-05
2097000    1.3726E-05
2098000    1.3721E-05
2099000    1.3716E-05
2100000    1.3712E-05
2101000    1.3707E-05
2102000    1.3702E-05
2103000    1.3697E-05
2104000    1.3692E-05
2105000    1.3687E-05
2106000    1.3682E-05
2107000    1.3677E-05
2108000    1.3673E-05
2109000    1.3668E-05
2110000    1.3663E-05
2111000    1.3658E-05
2112000    1.3653E-05
2113000    1.3648E-05
2114000    1.3644E-05
2115000    1.3639E-05
2116000    1.3634E-05
2117000    1.3629E-05
2118000    1.3624E-05
2119000    1.3619E-05
2120000    1.3615E-05
2121000    1.3610E-05
2122000    1.3605E-05
2123000    1.3600E-05
2124000    1.3595E-05
2125000    1.3590E-05
2126000    1.3586E-05
2127000    1.3581E-05
2128000    1.3576E-05
2129000    1.3571E-05
2130000    1.3566E-05
2131000    1.3562E-05
2132000    1.3557E-05
2133000    1.3552E-05
2134000    1.3547E-05
2135000    1.3543E-05
2136000    1.3538E-05
2137000    1.3533E-05
2138000    1.3528E-05
2139000    1.3524E-05
2140000    1.3519E-05
2141000    1.3514E-05
2142000    1.3509E-05
2143000    1.3505E-05
2144000    1.3500E-05
2145000    1.3495E-05
2146000    1.3490E-05
2147000    1.3486E-05
2148000    1.3481E-05
2149000    1.3476E-05
2150000    1.3471E-05
2151000    1.3467E-05
2152000    1.3462E-05
2153000    1.3457E-05
2154000    1.3453E-05
2155000    1.3448E-05
2156000    1.3443E-05
2157000    1.3438E-05
2158000    1.3434E-05
2159000    1.3429E-05
2160000    1.3424E-05
2161000    1.3420E-05
2162000    1.3415E-05
2163000    1.3410E-05
2164000    1.3406E-05
2165000    1.3401E-05
2166000    1.3396E-05
2167000    1.3392E-05
2168000    1.3387E-05
2169000    1.3382E-05
2170000    1.3378E-05
2171000    1.3373E-05
2172000    1.3368E-05
2173000    1.3364E-05
2174000    1.3359E-05
2175000    1.3354E-05
2176000    1.3350E-05
2177000    1.3345E-05
2178000    1.3340E-05
2179000    1.3336E-05
2180000    1.3331E-05
2181000    1.3326E-05
2182000    1.3322E-05
2183000    1.3317E-05
2184000    1.3313E-05
2185000    1.3308E-05
2186000    1.3303E-05
2187000    1.3299E-05
2188000    1.3294E-05
2189000    1.3290E-05
2190000    1.3285E-05
2191000    1.3280E-05
2192000    1.3276E-05
2193000    1.3271E-05
2194000    1.3267E-05
2195000    1.3262E-05
2196000    1.3257E-05
2197000    1.3253E-05
2198000    1.3248E-05
2199000    1.3244E-05
2200000    1.3239E-05
2201000    1.3235E-05
2202000    1.3230E-05
2203000    1.3225E-05
2204000    1.3221E-05
2205000    1.3216E-05
2206000    1.3212E-05
2207000    1.3207E-05
2208000    1.3203E-05
2209000    1.3198E-05
2210000    1.3194E-05
2211000    1.3189E-05
2212000    1.3184E-05
2213000    1.3180E-05
2214000    1.3175E-05
2215000    1.3171E-05
2216000    1.3166E-05
2217000    1.3162E-05
2218000    1.3157E-05
2219000    1.3153E-05
2220000    1.3148E-05
2221000    1.3144E-05
2222000    1.3139E-05
2223000    1.3135E-05
2224000    1.3130E-05
2225000    1.3126E-05
2226000    1.3121E-05
2227000    1.3117E-05
2228000    1.3112E-05
2229000    1.3108E-05
2230000    1.3103E-05
2231000    1.3099E-05
2232000    1.3094E-05
2233000    1.3090E-05
2234000    1.3085E-05
2235000    1.3081E-05
2236000    1.3077E-05
2237000    1.3072E-05
2238000    1.3068E-05
2239000    1.3063E-05
2240000    1.3059E-05
2241000    1.3054E-05
2242000    1.3050E-05
2243000    1.3045E-05
2244000    1.3041E-05
2245000    1.3036E-05
2246000    1.3032E-05
2247000    1.3028E-05
2248000    1.3023E-05
2249000    1.3019E-05
2250000    1.3014E-05
2251000    1.3010E-05
2252000    1.3005E-05
2253000    1.3001E-05
2254000    1.2997E-05
2255000    1.2992E-05
2256000    1.2988E-05
2257000    1.2983E-05
2258000    1.2979E-05
2259000    1.2975E-05
2260000    1.2970E-05
2261000    1.2966E-05
2262000    1.2961E-05
2263000    1.2957E-05
2264000    1.2953E-05
2265000    1.2948E-05
2266000    1.2944E-05
2267000    1.2940E-05
2268000    1.2935E-05
2269000    1.2931E-05
2270000    1.2926E-05
2271000    1.2922E-05
2272000    1.2918E-05
2273000    1.2913E-05
2274000    1.2909E-05
2275000    1.2905E-05
2276000    1.2900E-05
2277000    1.2896E-05
2278000    1.2892E-05
2279000    1.2887E-05
2280000    1.2883E-05
2281000    1.2879E-05
2282000    1.2874E-05
2283000    1.2870E-05
2284000    1.2866E-05
2285000    1.2861E-05
2286000    1.2857E-05
2287000    1.2853E-05
2288000    1.2848E-05
2289000    1.2844E-05
2290000    1.2840E-05
2291000    1.2835E-05
2292000    1.2831E-05
2293000    1.2827E-05
2294000    1.2822E-05
2295000    1.2818E-05
2296000    1.2814E-05
2297000    1.2809E-05
2298000    1.2805E-05
2299000    1.2801E-05
2300000    1.2797E-05
2301000    1.2792E-05
2302000    1.2788E-05
2303000    1.2784E-05
2304000    1.2779E-05
2305000    1.2775E-05
2306000    1.2771E-05
2307000    1.2767E-05
2308000    1.2762E-05
2309000    1.2758E-05
2310000    1.2754E-05
2311000    1.2750E-05
2312000    1.2745E-05
2313000    1.2741E-05
2314000    1.2737E-05
2315000    1.2733E-05
2316000    1.2728E-05
2317000    1.2724E-05
2318000    1.2720E-05
2319000    1.2716E-05
2320000    1.2711E-05
2321000    1.2707E-05
2322000    1.2703E-05
2323000    1.2699E-05
2324000    1.2695E-05
2325000    1.2690E-05
2326000    1.2686E-05
2327000    1.2682E-05
2328000    1.2678E-05
2329000    1.2673E-05
2330000    1.2669E-05
2331000    1.2665E-05
2332000    1.2661E-05
2333000    1.2657E-05
2334000    1.2652E-05
2335000    1.2648E-05
2336000    1.2644E-05
2337000    1.2640E-05
2338000    1.2636E-05
2339000    1.2631E-05
2340000    1.2627E-05
2341000    1.2623E-05
2342000    1.2619E-05
2343000    1.2615E-05
2344000    1.2611E-05
2345000    1.2606E-05
2346000    1.2602E-05
2347000    1.2598E-05
2348000    1.2594E-05
2349000    1.2590E-05
2350000    1.2586E-05
2351000    1.2581E-05
2352000    1.2577E-05
2353000    1.2573E-05
2354000    1.2569E-05
2355000    1.2565E-05
2356000    1.2561E-05
2357000    1.2557E-05
2358000    1.2552E-05
2359000    1.2548E-05
2360000    1.2544E-05
2361000    1.2540E-05
2362000    1.2536E-05
2363000    1.2532E-05
2364000    1.2528E-05
2365000    1.2524E-05
2366000    1.2519E-05
2367000    1.2515E-05
2368000    1.2511E-05
2369000    1.2507E-05
2370000    1.2503E-05
2371000    1.2499E-05
2372000    1.2495E-05
2373000    1.2491E-05
2374000    1.2487E-05
2375000    1.2483E-05
2376000    1.2478E-05
2377000    1.2474E-05
2378000    1.2470E-05
2379000    1.2466E-05
2380000    1.2462E-05
2381000    1.2458E-05
2382000    1.2454E-05
2383000    1.2450E-05
2384000    1.2446E-05
2385000    1.2442E-05
2386000    1.2438E-05
2387000    1.2434E-05
2388000    1.2430E-05
2389000    1.2425E-05
2390000    1.2421E-05
2391000    1.2417E-05
2392000    1.2413E-05
2393000    1.2409E-05
2394000    1.2405E-05
2395000    1.2401E-05
2396000    1.2397E-05
2397000    1.2393E-05
2398000    1.2389E-05
2399000    1.2385E-05
2400000    1.2381E-05
2401000    1.2377E-05
2402000    1.2373E-05
2403000    1.2369E-05
2404000    1.2365E-05
2405000    1.2361E-05
2406000    1.2357E-05
2407000    1.2353E-05
2408000    1.2349E-05
2409000    1.2345E-05
2410000    1.2341E-05
2411000    1.2337E-05
2412000    1.2333E-05
2413000    1.2329E-05
2414000    1.2325E-05
2415000    1.2321E-05
2416000    1.2317E-05
2417000    1.2313E-05
2418000    1.2309E-05
2419000    1.2305E-05
2420000    1.2301E-05
2421000    1.2297E-05
2422000    1.2293E-05
2423000    1.2289E-05
2424000    1.2285E-05
2425000    1.2281E-05
2426000    1.2277E-05
2427000    1.2273E-05
2428000    1.2269E-05
2429000    1.2265E-05
2430000    1.2261E-05
2431000    1.2257E-05
2432000    1.2253E-05
2433000    1.2249E-05
2434000    1.2245E-05
2435000    1.2241E-05
2436000    1.2237E-05
2437000    1.2233E-05
2438000    1.2230E-05
2439000    1.2226E-05
2440000    1.2222E-05
2441000    1.2218E-05
2442000    1.2214E-05
2443000    1.2210E-05
2444000    1.2206E-05
2445000    1.2202E-05
2446000    1.2198E-05
2447000    1.2194E-05
2448000    1.2190E-05
2449000    1.2186E-05
2450000    1.2182E-05
2451000    1.2179E-05
2452000    1.2175E-05
2453000    1.2171E-05
2454000    1.2167E-05
2455000    1.2163E-05
2456000    1.2159E-05
2457000    1.2155E-05
2458000    1.2151E-05
2459000    1.2147E-05
2460000    1.2143E-05
2461000    1.2140E-05
2462000    1.2136E-05
2463000    1.2132E-05
2464000    1.2128E-05
2465000    1.2124E-05
2466000    1.2120E-05
2467000    1.2116E-05
2468000    1.2112E-05
2469000    1.2108E-05
2470000    1.2105E-05
2471000    1.2101E-05
2472000    1.2097E-05
2473000    1.2093E-05
2474000    1.2089E-05
2475000    1.2085E-05
2476000    1.2081E-05
2477000    1.2078E-05
2478000    1.2074E-05
2479000    1.2070E-05
2480000    1.2066E-05
2481000    1.2062E-05
2482000    1.2058E-05
2483000    1.2055E-05
2484000    1.2051E-05
2485000    1.2047E-05
2486000    1.2043E-05
2487000    1.2039E-05
2488000    1.2035E-05
2489000    1.2032E-05
2490000    1.2028E-05
2491000    1.2024E-05
2492000    1.2020E-05
2493000    1.2016E-05
2494000    1.2012E-05
2495000    1.2009E-05
2496000    1.2005E-05
2497000    1.2001E-05
2498000    1.1997E-05
2499000    1.1993E-05
2500000    1.1990E-05
2501000    1.1986E-05
2502000    1.1982E-05
2503000    1.1978E-05
2504000    1.1974E-05
2505000    1.1971E-05
2506000    1.1967E-05
2507000    1.1963E-05
2508000    1.1959E-05
2509000    1.1955E-05
2510000    1.1952E-05
2511000    1.1948E-05
2512000    1.1944E-05
2513000    1.1940E-05
2514000    1.1937E-05
2515000    1.1933E-05
2516000    1.1929E-05
2517000    1.1925E-05
2518000    1.1922E-05
2519000    1.1918E-05
2520000    1.1914E-05
2521000    1.1910E-05
2522000    1.1907E-05
2523000    1.1903E-05
2524000    1.1899E-05
2525000    1.1895E-05
2526000    1.1892E-05
2527000    1.1888E-05
2528000    1.1884E-05
2529000    1.1880E-05
2530000    1.1877E-05
2531000    1.1873E-05
2532000    1.1869E-05
2533000    1.1865E-05
2534000    1.1862E-05
2535000    1.1858E-05
2536000    1.1854E-05
2537000    1.1850E-05
2538000    1.1847E-05
2539000    1.1843E-05
2540000    1.1839E-05
2541000    1.1836E-05
2542000    1.1832E-05
2543000    1.1828E-05
2544000    1.1824E-05
2545000    1.1821E-05
2546000    1.1817E-05
2547000    1.1813E-05
2548000    1.1810E-05
2549000    1.1806E-05
2550000    1.1802E-05
2551000    1.1799E-05
2552000    1.1795E-05
2553000    1.1791E-05
2554000    1.1788E-05
2555000    1.1784E-05
2556000    1.1780E-05
2557000    1.1776E-05
2558000    1.1773E-05
2559000    1.1769E-05
2560000    1.1765E-05
2561000    1.1762E-05
2562000    1.1758E-05
2563000    1.1754E-05
2564000    1.1751E-05
2565000    1.1747E-05
2566000    1.1743E-05
2567000    1.1740E-05
2568000    1.1736E-05
2569000    1.1732E-05
2570000    1.1729E-05
2571000    1.1725E-05
2572000    1.1721E-05
2573000    1.1718E-05
2574000    1.1714E-05
2575000    1.1711E-05
2576000    1.1707E-05
2577000    1.1703E-05
2578000    1.1700E-05
2579000    1.1696E-05
2580000    1.1692E-05
2581000    1.1689E-05
2582000    1.1685E-05
2583000    1.1681E-05
2584000    1.1678E-05
2585000    1.1674E-05
2586000    1.1671E-05
2587000    1.1667E-05
2588000    1.1663E-05
2589000    1.1660E-05
2590000    1.1656E-05
2591000    1.1653E-05
2592000    1.1649E-05
2593000    1.1645E-05
2594000    1.1642E-05
2595000    1.1638E-05
2596000    1.1634E-05
2597000    1.1631E-05
2598000    1.1627E-05
2599000    1.1624E-05
2600000    1.1620E-05
2601000    1.1617E-05
2602000    1.1613E-05
2603000    1.1609E-05
2604000    1.1606E-05
2605000    1.1602E-05
2606000    1.1599E-05
2607000    1.1595E-05
2608000    1.1591E-05
2609000    1.1588E-05
2610000    1.1584E-05
2611000    1.1581E-05
2612000    1.1577E-05
2613000    1.1574E-05
2614000    1.1570E-05
2615000    1.1566E-05
2616000    1.1563E-05
2617000    1.1559E-05
2618000    1.1556E-05
2619000    1.1552E-05
2620000    1.1549E-05
2621000    1.1545E-05
2622000    1.1542E-05
2623000    1.1538E-05
2624000    1.1534E-05
2625000    1.1531E-05
2626000    1.1527E-05
2627000    1.1524E-05
2628000    1.1520E-05
2629000    1.1517E-05
2630000    1.1513E-05
2631000    1.1510E-05
2632000    1.1506E-05
2633000    1.1503E-05
2634000    1.1499E-05
2635000    1.1496E-05
2636000    1.1492E-05
2637000    1.1489E-05
2638000    1.1485E-05
2639000    1.1481E-05
2640000    1.1478E-05
2641000    1.1474E-05
2642000    1.1471E-05
2643000    1.1467E-05
2644000    1.1464E-05
2645000    1.1460E-05
2646000    1.1457E-05
2647000    1.1453E-05
2648000    1.1450E-05
2649000    1.1446E-05
2650000    1.1443E-05
2651000    1.1439E-05
2652000    1.1436E-05
2653000    1.1432E-05
2654000    1.1429E-05
2655000    1.1425E-05
2656000    1.1422E-05
2657000    1.1418E-05
2658000    1.1415E-05
2659000    1.1412E-05
2660000    1.1408E-05
2661000    1.1405E-05
2662000    1.1401E-05
2663000    1.1398E-05
2664000    1.1394E-05
2665000    1.1391E-05
2666000    1.1387E-05
2667000    1.1384E-05
2668000    1.1380E-05
2669000    1.1377E-05
2670000    1.1373E-05
2671000    1.1370E-05
2672000    1.1366E-05
2673000    1.1363E-05
2674000    1.1360E-05
2675000    1.1356E-05
2676000    1.1353E-05
2677000    1.1349E-05
2678000    1.1346E-05
2679000    1.1342E-05
2680000    1.1339E-05
2681000    1.1335E-05
2682000    1.1332E-05
2683000    1.1329E-05
2684000    1.1325E-05
2685000    1.1322E-05
2686000    1.1318E-05
2687000    1.1315E-05
2688000    1.1311E-05
2689000    1.1308E-05
2690000    1.1305E-05
2691000    1.1301E-05
2692000    1.1298E-05
2693000    1.1294E-05
2694000    1.1291E-05
2695000    1.1287E-05
2696000    1.1284E-05
2697000    1.1281E-05
2698000    1.1277E-05
2699000    1.1274E-05
2700000    1.1270E-05
2701000    1.1267E-05
2702000    1.1264E-05
2703000    1.1260E-05
2704000    1.1257E-05
2705000    1.1253E-05
2706000    1.1250E-05
2707000    1.1247E-05
2708000    1.1243E-05
2709000    1.1240E-05
2710000    1.1236E-05
2711000    1.1233E-05
2712000    1.1230E-05
2713000    1.1226E-05
2714000    1.1223E-05
2715000    1.1220E-05
2716000    1.1216E-05
2717000    1.1213E-05
2718000    1.1209E-05
2719000    1.1206E-05
2720000    1.1203E-05
2721000    1.1199E-05
2722000    1.1196E-05
2723000    1.1193E-05
2724000    1.1189E-05
2725000    1.1186E-05
2726000    1.1182E-05
2727000    1.1179E-05
2728000    1.1176E-05
2729000    1.1172E-05
2730000    1.1169E-05
2731000    1.1166E-05
2732000    1.1162E-05
2733000    1.1159E-05
2734000    1.1156E-05
2735000    1.1152E-05
2736000    1.1149E-05
2737000    1.1146E-05
2738000    1.1142E-05
2739000    1.1139E-05
2740000    1.1136E-05
2741000    1.1132E-05
2742000    1.1129E-05
2743000    1.1126E-05
2744000    1.1122E-05
2745000    1.1119E-05
2746000    1.1116E-05
2747000    1.1112E-05
2748000    1.1109E-05
2749000    1.1106E-05
2750000    1.1102E-05
2751000    1.1099E-05
2752000    1.1096E-05
2753000    1.1092E-05
2754000    1.1089E-05
2755000    1.1086E-05
2756000    1.1083E-05
2757000    1.1079E-05
2758000    1.1076E-05
2759000    1.1073E-05
2760000    1.1069E-05
2761000    1.1066E-05
2762000    1.1063E-05
2763000    1.1059E-05
2764000    1.1056E-05
2765000    1.1053E-05
2766000    1.1050E-05
2767000    1.1046E-05
2768000    1.1043E-05
2769000    1.1040E-05
2770000    1.1036E-05
2771000    1.1033E-05
2772000    1.1030E-05
2773000    1.1027E-05
2774000    1.1023E-05
2775000    1.1020E-05
2776000    1.1017E-05
2777000    1.1013E-05
2778000    1.1010E-05
2779000    1.1007E-05
2780000    1.1004E-05
2781000    1.1000E-05
2782000    1.0997E-05
2783000    1.0994E-05
2784000    1.0991E-05
2785000    1.0987E-05
2786000    1.0984E-05
2787000    1.0981E-05
2788000    1.0978E-05
2789000    1.0974E-05
2790000    1.0971E-05
2791000    1.0968E-05
2792000    1.0965E-05
2793000    1.0961E-05
2794000    1.0958E-05
2795000    1.0955E-05
2796000    1.0952E-05
2797000    1.0948E-05
2798000    1.0945E-05
2799000    1.0942E-05
2800000    1.0939E-05
2801000    1.0935E-05
2802000    1.0932E-05
2803000    1.0929E-05
2804000    1.0926E-05
2805000    1.0923E-05
2806000    1.0919E-05
2807000    1.0916E-05
2808000    1.0913E-05
2809000    1.0910E-05
2810000    1.0906E-05
2811000    1.0903E-05
2812000    1.0900E-05
2813000    1.0897E-05
2814000    1.0894E-05
2815000    1.0890E-05
2816000    1.0887E-05
2817000    1.0884E-05
2818000    1.0881E-05
2819000    1.0878E-05
2820000    1.0874E-05
2821000    1.0871E-05
2822000    1.0868E-05
2823000    1.0865E-05
2824000    1.0862E-05
2825000    1.0858E-05
2826000    1.0855E-05
2827000    1.0852E-05
2828000    1.0849E-05
2829000    1.0846E-05
2830000    1.0842E-05
2831000    1.0839E-05
2832000    1.0836E-05
2833000    1.0833E-05
2834000    1.0830E-05
2835000    1.0826E-05
2836000    1.0823E-05
2837000    1.0820E-05
2838000    1.0817E-05
2839000    1.0814E-05
2840000    1.0811E-05
2841000    1.0807E-05
2842000    1.0804E-05
2843000    1.0801E-05
2844000    1.0798E-05
2845000    1.0795E-05
2846000    1.0792E-05
2847000    1.0788E-05
2848000    1.0785E-05
2849000    1.0782E-05
2850000    1.0779E-05
2851000    1.0776E-05
2852000    1.0773E-05
2853000    1.0770E-05
2854000    1.0766E-05
2855000    1.0763E-05
2856000    1.0760E-05
2857000    1.0757E-05
2858000    1.0754E-05
2859000    1.0751E-05
2860000    1.0748E-05
2861000    1.0744E-05
2862000    1.0741E-05
2863000    1.0738E-05
2864000    1.0735E-05
2865000    1.0732E-05
2866000    1.0729E-05
2867000    1.0726E-05
2868000    1.0723E-05
2869000    1.0719E-05
2870000    1.0716E-05
2871000    1.0713E-05
2872000    1.0710E-05
2873000    1.0707E-05
2874000    1.0704E-05
2875000    1.0701E-05
2876000    1.0698E-05
2877000    1.0694E-05
2878000    1.0691E-05
2879000    1.0688E-05
2880000    1.0685E-05
2881000    1.0682E-05
2882000    1.0679E-05
2883000    1.0676E-05
2884000    1.0673E-05
2885000    1.0670E-05
2886000    1.0666E-05
2887000    1.0663E-05
2888000    1.0660E-05
2889000    1.0657E-05
2890000    1.0654E-05
