PREM VOIGT AVERAGE ISOTROPIC
1 200 1
97 14 38
0.000000 13088.480000 11218.180000 3594.690000 1328.000000 85.000000 1.000000
100000.000000 13086.300000 11216.620000 3593.620000 1328.000000 85.000000 1.000000
200000.000000 13079.770000 11211.970000 3590.400000 1328.000000 85.000000 1.000000
300000.000000 13068.880000 11204.210000 3585.030000 1328.000000 85.000000 1.000000
400000.000000 13053.640000 11193.340000 3577.510000 1328.000000 85.000000 1.000000
500000.000000 13034.040000 11179.370000 3567.850000 1328.000000 85.000000 1.000000
600000.000000 13010.090000 11162.290000 3556.030000 1328.000000 85.000000 1.000000
700000.000000 12981.780000 11142.254000 3542.070000 1328.000000 85.000000 1.000000
800000.000000 12949.120000 11118.830000 3525.970000 1328.000000 85.000000 1.000000
900000.000000 12912.110000 11092.440000 3507.710000 1328.000000 85.000000 1.000000
1000000.000000 12870.730000 11062.940000 3487.310000 1328.000000 85.000000 1.000000
1100000.000000 12825.010000 11030.340000 3464.750000 1328.000000 85.000000 1.000000
1200000.000000 12774.930000 10994.630000 3440.050000 1328.000000 85.000000 1.000000
1221500.000000 12763.600000 10986.560000 3434.470000 1328.000000 85.000000 1.000000
1221500.000000 12166.340000 10355.380000 0.000000 57822.000000 0.000000 1.000000
1300000.000000 12125.000000 10309.410000 0.000000 57822.000000 0.000000 1.000000
1400000.000000 12069.240000 10249.300000 0.000000 57822.000000 0.000000 1.000000
1500000.000000 12009.890000 10187.130000 0.000000 57822.000000 0.000000 1.000000
1600000.000000 11946.820000 10122.620000 0.000000 57822.000000 0.000000 1.000000
1700000.000000 11879.900000 10055.430000 0.000000 57822.000000 0.000000 1.000000
1800000.000000 11809.000000 9985.250000 0.000000 57822.000000 0.000000 1.000000
1900000.000000 11734.010000 9911.770000 0.000000 57822.000000 0.000000 1.000000
2000000.000000 11654.780000 9834.670000 0.000000 57822.000000 0.000000 1.000000
2100000.000000 11571.190000 9753.640000 0.000000 57822.000000 0.000000 1.000000
2200000.000000 11483.110000 9668.370000 0.000000 57822.000000 0.000000 1.000000
2300000.000000 11390.420000 9578.530000 0.000000 57822.000000 0.000000 1.000000
2400000.000000 11292.980000 9483.810000 0.000000 57822.000000 0.000000 1.000000
2500000.000000 11190.670000 9383.900000 0.000000 57822.000000 0.000000 1.000000
2600000.000000 11083.350000 9278.490000 0.000000 57822.000000 0.000000 1.000000
2700000.000000 10970.910000 9167.260000 0.000000 57822.000000 0.000000 1.000000
2800000.000000 10853.210000 9049.880000 0.000000 57822.000000 0.000000 1.000000
2900000.000000 10730.120000 8926.060000 0.000000 57822.000000 0.000000 1.000000
3000000.000000 10601.520000 8795.470000 0.000000 57822.000000 0.000000 1.000000
3100000.000000 10467.270000 8657.800000 0.000000 57822.000000 0.000000 1.000000
3200000.000000 10327.260000 8512.730000 0.000000 57822.000000 0.000000 1.000000
3300000.000000 10181.340000 8359.950000 0.000000 57822.000000 0.000000 1.000000
3400000.000000 10029.400000 8199.150000 0.000000 57822.000000 0.000000 1.000000
3480000.000000 9903.490000 8064.580000 0.000000 57822.000000 0.000000 1.000000
3480000.000000 5566.450000 13688.620000 7225.380000 57822.000000 312.000000 1.000000
3500000.000000 5556.410000 13683.690000 7225.590000 57822.000000 312.000000 1.000000
3600000.000000 5506.420000 13659.490000 7226.470000 57822.000000 312.000000 1.000000
3630000.000000 5491.450000 13652.340000 7226.700000 57822.000000 312.000000 1.000000
3630000.000000 5491.450000 13652.340000 7226.700000 57822.000000 312.000000 1.000000
3700000.000000 5456.570000 13567.980000 7194.920000 57822.000000 312.000000 1.000000
3800000.000000 5406.810000 13449.530000 7150.060000 57822.000000 312.000000 1.000000
3900000.000000 5357.060000 13332.960000 7105.610000 57822.000000 312.000000 1.000000
4000000.000000 5307.240000 13217.650000 7061.360000 57822.000000 312.000000 1.000000
4100000.000000 5257.290000 13102.990000 7017.110000 57822.000000 312.000000 1.000000
4200000.000000 5207.130000 12988.350000 6972.640000 57822.000000 312.000000 1.000000
4300000.000000 5156.690000 12873.110000 6927.720000 57822.000000 312.000000 1.000000
4400000.000000 5105.900000 12756.670000 6882.160000 57822.000000 312.000000 1.000000
4500000.000000 5054.690000 12638.390000 6835.740000 57822.000000 312.000000 1.000000
4600000.000000 5002.990000 12517.670000 6788.230000 57822.000000 312.000000 1.000000
4700000.000000 4950.730000 12393.890000 6739.430000 57822.000000 312.000000 1.000000
4800000.000000 4897.830000 12266.420000 6689.120000 57822.000000 312.000000 1.000000
4900000.000000 4844.220000 12134.660000 6637.100000 57822.000000 312.000000 1.000000
5000000.000000 4789.830000 11997.980000 6583.130000 57822.000000 312.000000 1.000000
5100000.000000 4734.600000 11855.760000 6527.020000 57822.000000 312.000000 1.000000
5200000.000000 4678.440000 11707.390000 6468.550000 57822.000000 312.000000 1.000000
5300000.000000 4621.290000 11552.250000 6407.490000 57822.000000 312.000000 1.000000
5400000.000000 4563.070000 11389.720000 6343.650000 57822.000000 312.000000 1.000000
5500000.000000 4503.720000 11219.180000 6276.800000 57822.000000 312.000000 1.000000
5600000.000000 4443.170000 11040.020000 6206.730000 57822.000000 312.000000 1.000000
5600000.000000 4443.160000 11040.010000 6206.720000 57822.000000 312.000000 1.000000
5650000.000000 4412.410000 10885.330000 6061.240000 57822.000000 312.000000 1.000000
5701000.000000 4380.710000 10727.430000 5912.940000 57822.000000 312.000000 1.000000
5701000.000000 3992.140000 10218.520000 5504.520000 57822.000000 143.000000 1.000000
5736000.000000 3983.990000 10164.540000 5477.750000 57822.000000 143.000000 1.000000
5771000.000000 3975.840000 10110.550000 5450.970000 57822.000000 143.000000 1.000000
5771000.000000 3975.840000 10110.550000 5450.970000 57822.000000 143.000000 1.000000
5821000.000000 3912.820000 9855.880000 5306.820000 57822.000000 143.000000 1.000000
5871000.000000 3849.800000 9601.220000 5162.680000 57822.000000 143.000000 1.000000
5921000.000000 3786.780000 9346.550000 5018.540000 57822.000000 143.000000 1.000000
5971000.000000 3723.780000 9091.930000 4874.420000 57822.000000 143.000000 1.000000
5971000.000000 3543.250000 8864.890000 4713.640000 57822.000000 143.000000 1.000000
6016000.000000 3516.390000 8778.480000 4682.520000 57822.000000 143.000000 1.000000
6061000.000000 3489.510000 8692.040000 4651.390000 57822.000000 143.000000 1.000000
6106000.000000 3462.640000 8605.610000 4620.270000 57822.000000 143.000000 1.000000
6151000.000000 3435.780000 8519.200000 4589.140000 57822.000000 143.000000 1.000000
6151000.000000 3359.500000 7930.292791 4345.910567 57822.000000 80.000000 0.976540
6171000.000000 3361.670000 7946.087201 4348.764367 57822.000000 80.000000 0.968770
6191000.000000 3363.840000 7961.893402 4351.646384 57822.000000 80.000000 0.960990
6211000.000000 3366.020000 7977.699428 4354.553239 57822.000000 80.000000 0.953210
6231000.000000 3368.190000 7993.509177 4357.478257 57822.000000 80.000000 0.945430
6251000.000000 3370.360000 8009.318726 4360.434649 57822.000000 80.000000 0.937650
6271000.000000 3372.540000 8025.130020 4363.415728 57822.000000 80.000000 0.929870
6291000.000000 3374.710000 8040.933050 4366.418035 57822.000000 80.000000 0.922100
6291000.000000 3374.710000 8102.618502 4447.918877 57822.000000 600.000000 0.922090
6311000.000000 3376.880000 8118.669446 4451.005786 57822.000000 600.000000 0.914320
6331000.000000 3379.060000 8134.733819 4454.114526 57822.000000 600.000000 0.906540
6346600.000000 3380.760000 8147.273693 4456.564670 57822.000000 600.000000 0.900470
6346600.000000 2900.000000 6791.510000 3889.040000 57822.000000 600.000000 1.000000
6356000.000000 2900.000000 6791.510000 3889.040000 57822.000000 600.000000 1.000000
6356000.000000 2600.000000 5793.280000 3191.010000 57822.000000 600.000000 1.000000
6368000.000000 2600.000000 5793.280000 3191.010000 57822.000000 600.000000 1.000000
6368000.000000 1020.000000 1449.960000 0.000000 57822.000000 0.000000 1.000000
6371000.000000 1020.000000 1449.960000 0.000000 57822.000000 0.000000 1.000000
