    PREM ANISOTROPIC
1 200 1
   97   14   38
      0. 13088.48 11218.18  3594.69   1328.0     85.0 11218.18  3594.69      1.0
 100000. 13086.30 11216.62  3593.62   1328.0     85.0 11216.62  3593.62      1.0
 200000. 13079.77 11211.97  3590.40   1328.0     85.0 11211.97  3590.40      1.0
 300000. 13068.88 11204.21  3585.03   1328.0     85.0 11204.21  3585.03      1.0
 400000. 13053.64 11193.34  3577.51   1328.0     85.0 11193.34  3577.51      1.0
 500000. 13034.04 11179.37  3567.85   1328.0     85.0 11179.37  3567.85      1.0
 600000. 13010.09 11162.29  3556.03   1328.0     85.0 11162.29  3556.03      1.0
 700000. 12981.78 11142.11  3542.07   1328.0     85.0 11142.29  3542.07      1.0
 800000. 12949.12 11118.83  3525.97   1328.0     85.0 11118.83  3525.97      1.0
 900000. 12912.11 11092.44  3507.71   1328.0     85.0 11092.44  3507.71      1.0
1000000. 12870.73 11062.94  3487.31   1328.0     85.0 11062.94  3487.31      1.0
1100000. 12825.01 11030.34  3464.75   1328.0     85.0 11030.34  3464.75      1.0
1200000. 12774.93 10994.63  3440.05   1328.0     85.0 10994.63  3440.05      1.0
1221500. 12763.60 10986.56  3434.47   1328.0     85.0 10986.56  3434.47      1.0
1221500. 12166.34 10355.38     0.    57822.0      0.0 10355.38     0.        1.0
1300000. 12125.00 10309.41     0.    57822.0      0.0 10309.41     0.        1.0
1400000. 12069.24 10249.30     0.    57822.0      0.0 10249.30     0.        1.0
1500000. 12009.89 10187.13     0.    57822.0      0.0 10187.13     0.        1.0
1600000. 11946.82 10122.62     0.    57822.0      0.0 10122.62     0.        1.0
1700000. 11879.90 10055.43     0.    57822.0      0.0 10055.43     0.        1.0
1800000. 11809.00  9985.25     0.    57822.0      0.0  9985.25     0.        1.0
1900000. 11734.01  9911.77     0.    57822.0      0.0  9911.77     0.        1.0
2000000. 11654.78  9834.67     0.    57822.0      0.0  9834.67     0.        1.0
2100000. 11571.19  9753.64     0.    57822.0      0.0  9753.64     0.        1.0
2200000. 11483.11  9668.37     0.    57822.0      0.0  9668.37     0.        1.0
2300000. 11390.42  9578.53     0.    57822.0      0.0  9578.53     0.        1.0
2400000. 11292.98  9483.81     0.    57822.0      0.0  9483.81     0.        1.0
2500000. 11190.67  9383.90     0.    57822.0      0.0  9383.90     0.        1.0
2600000. 11083.35  9278.49     0.    57822.0      0.0  9278.49     0.        1.0
2700000. 10970.91  9167.26     0.    57822.0      0.0  9167.26     0.        1.0
2800000. 10853.21  9049.88     0.    57822.0      0.0  9049.88     0.        1.0
2900000. 10730.12  8926.06     0.    57822.0      0.0  8926.06     0.        1.0
3000000. 10601.52  8795.47     0.    57822.0      0.0  8795.47     0.        1.0
3100000. 10467.27  8657.80     0.    57822.0      0.0  8657.80     0.        1.0
3200000. 10327.26  8512.73     0.    57822.0      0.0  8512.73     0.        1.0
3300000. 10181.34  8359.95     0.    57822.0      0.0  8359.95     0.        1.0
3400000. 10029.40  8199.15     0.    57822.0      0.0  8199.15     0.        1.0
3480000.  9903.49  8064.58     0.    57822.0      0.0  8064.58     0.        1.0
3480000.  5566.45 13688.62  7225.38  57822.0    312.0 13688.62  7225.38      1.0
3500000.  5556.41 13683.69  7225.59  57822.0    312.0 13683.69  7225.59       1.0
3600000.  5506.42 13659.49  7226.47  57822.0    312.0 13659.49  7226.47       1.0
3630000.  5491.45 13652.34  7226.70  57822.0    312.0 13652.34  7226.70       1.0
3630000.  5491.45 13652.34  7226.70  57822.0    312.0 13652.34  7226.70       1.0
3700000.  5456.57 13567.98  7194.92  57822.0    312.0 13567.98  7194.92       1.0
3800000.  5406.81 13449.53  7150.06  57822.0    312.0 13449.53  7150.06       1.0
3900000.  5357.06 13332.96  7105.61  57822.0    312.0 13332.96  7105.61       1.0
4000000.  5307.24 13217.65  7061.36  57822.0    312.0 13217.65  7061.36       1.0
4100000.  5257.29 13102.99  7017.11  57822.0    312.0 13102.99  7017.11       1.0
4200000.  5207.13 12988.35  6972.64  57822.0    312.0 12988.35  6972.64       1.0
4300000.  5156.69 12873.11  6927.72  57822.0    312.0 12873.11  6927.72       1.0
4400000.  5105.90 12756.67  6882.16  57822.0    312.0 12756.67  6882.16       1.0
4500000.  5054.69 12638.39  6835.74  57822.0    312.0 12638.39  6835.74       1.0
4600000.  5002.99 12517.67  6788.23  57822.0    312.0 12517.67  6788.23       1.0
4700000.  4950.73 12393.89  6739.43  57822.0    312.0 12393.89  6739.43       1.0
4800000.  4897.83 12266.42  6689.12  57822.0    312.0 12266.42  6689.12       1.0
4900000.  4844.22 12134.66  6637.10  57822.0    312.0 12134.66  6637.10       1.0
5000000.  4789.83 11997.98  6583.13  57822.0    312.0 11997.98  6583.13       1.0
5100000.  4734.60 11855.76  6527.02  57822.0    312.0 11855.76  6527.02       1.0
5200000.  4678.44 11707.39  6468.55  57822.0    312.0 11707.39  6468.55       1.0
5300000.  4621.29 11552.25  6407.49  57822.0    312.0 11552.25  6407.49       1.0
5400000.  4563.07 11389.72  6343.65  57822.0    312.0 11389.72  6343.65       1.0
5500000.  4503.72 11219.18  6276.80  57822.0    312.0 11219.18  6276.80       1.0
5600000.  4443.17 11040.02  6206.73  57822.0    312.0 11040.02  6206.73       1.0
5600000.  4443.16 11040.01  6206.72  57822.0    312.0 11040.01  6206.72       1.0
5650000.  4412.41 10885.33  6061.24  57822.0    312.0 10885.33  6061.24       1.0
5701000.  4380.71 10727.43  5912.94  57822.0    312.0 10727.43  5912.94       1.0
5701000.  3992.14 10218.52  5504.52  57822.0    143.0 10218.52  5504.52       1.0
5736000.  3983.99 10164.54  5477.75  57822.0    143.0 10164.54  5477.75       1.0
5771000.  3975.84 10110.55  5450.97  57822.0    143.0 10110.55  5450.97       1.0
5771000.  3975.84 10110.55  5450.97  57822.0    143.0 10110.55  5450.97       1.0
5821000.  3912.82  9855.88  5306.82  57822.0    143.0  9855.88  5306.82       1.0
5871000.  3849.80  9601.22  5162.68  57822.0    143.0  9601.22  5162.68       1.0
5921000.  3786.78  9346.55  5018.54  57822.0    143.0  9346.55  5018.54       1.0
5971000.  3723.78  9091.93  4874.42  57822.0    143.0  9091.93  4874.42       1.0
5971000.  3543.25  8864.89  4713.64  57822.0    143.0  8864.89  4713.64       1.0
6016000.  3516.39  8778.48  4682.52  57822.0    143.0  8778.48  4682.52       1.0
6061000.  3489.51  8692.04  4651.39  57822.0    143.0  8692.04  4651.39       1.0
6106000.  3462.64  8605.61  4620.27  57822.0    143.0  8605.61  4620.27       1.0
6151000.  3435.78  8519.20  4589.14  57822.0    143.0  8519.20  4589.14       1.0
6151000.  3359.50  7729.30  4347.48  57822.0     80.0  7979.75  4342.77  0.97654
6171000.  3361.67  7752.30  4342.97  57822.0     80.0  7993.80  4360.33  0.96877
6191000.  3363.84  7775.31  4338.46  57822.0     80.0  8007.86  4377.90  0.96099
6211000.  3366.02  7798.31  4333.95  57822.0     80.0  8021.92  4395.47  0.95321
6231000.  3368.19  7821.32  4329.43  57822.0     80.0  8035.98  4413.04  0.94543
6251000.  3370.36  7844.32  4324.92  57822.0     80.0  8050.04  4430.61  0.93765
6271000.  3372.54  7867.32  4320.41  57822.0     80.0  8064.10  4448.18  0.92987
6291000.  3374.71  7890.31  4315.90  57822.0     80.0  8078.15  4465.74  0.92210
6291000.  3374.71  7949.82  4396.45  57822.0    600.0  8140.37  4549.11  0.92209
6311000.  3376.88  7972.51  4391.86  57822.0    600.0  8154.80  4567.00  0.91432
6331000.  3379.06  7995.22  4387.26  57822.0    600.0  8169.24  4584.90  0.90654
6346600.  3380.76  8012.95  4383.68  57822.0    600.0  8180.51  4598.87  0.90047
6346600.  2900.00  6791.51  3889.04  57822.0    600.0  6791.51  3889.04  1.00000
6356000.  2900.00  6791.51  3889.04  57822.0    600.0  6791.51  3889.04  1.00000
6356000.  2600.00  5793.28  3191.01  57822.0    600.0  5793.28  3191.01  1.00000
6368000.  2600.00  5793.28  3191.01  57822.0    600.0  5793.28  3191.01  1.00000
6368000.  1020.00  1449.96  0.       57822.0      0.   1449.96     0.    1.00000
6371000.  1020.00  1449.96  0.       57822.0      0.   1449.96     0.    1.00000
