# radius [m] density [kg/m^3] vpv [m/s] vsv [m/s] Q kappa Q miu vph [m/s] vsh [m/s] eta [m/s] REF
1 1. 1 1
  750  180  358  717  739
      0. 13088.48 11262.20  3667.80   1327.6    104.0 11262.20  3667.80  1.00000
   6824. 13088.47 11262.20  3667.79   1327.6    104.0 11262.20  3667.79  1.00000
  13648. 13088.44 11262.18  3667.78   1327.6    104.0 11262.18  3667.78  1.00000
  20472. 13088.39 11262.14  3667.75   1327.6    104.0 11262.14  3667.75  1.00000
  27296. 13088.32 11262.09  3667.72   1327.6    104.0 11262.09  3667.72  1.00000
  34120. 13088.22 11262.02  3667.67   1327.6    104.0 11262.02  3667.67  1.00000
  40944. 13088.11 11261.94  3667.62   1327.6    104.0 11261.94  3667.62  1.00000
  47768. 13087.98 11261.85  3667.55   1327.6    104.0 11261.85  3667.55  1.00000
  54592. 13087.83 11261.74  3667.47   1327.6    104.0 11261.74  3667.47  1.00000
  61416. 13087.66 11261.61  3667.39   1327.6    104.0 11261.61  3667.39  1.00000
  68240. 13087.46 11261.47  3667.29   1327.6    104.0 11261.47  3667.29  1.00000
  75064. 13087.25 11261.32  3667.18   1327.6    104.0 11261.32  3667.18  1.00000
  81888. 13087.02 11261.15  3667.06   1327.6    104.0 11261.15  3667.06  1.00000
  88712. 13086.76 11260.97  3666.94   1327.6    104.0 11260.97  3666.94  1.00000
  95536. 13086.49 11260.77  3666.80   1327.6    104.0 11260.77  3666.80  1.00000
 102360. 13086.20 11260.56  3666.65   1327.6    104.0 11260.56  3666.65  1.00000
 109184. 13085.88 11260.34  3666.49   1327.6    104.0 11260.34  3666.49  1.00000
 116007. 13085.55 11260.09  3666.32   1327.6    104.0 11260.09  3666.32  1.00000
 122831. 13085.19 11259.84  3666.15   1327.6    104.0 11259.84  3666.15  1.00000
 129655. 13084.82 11259.57  3665.96   1327.6    104.0 11259.57  3665.96  1.00000
 136479. 13084.42 11259.28  3665.76   1327.6    104.0 11259.28  3665.76  1.00000
 143303. 13084.01 11258.99  3665.55   1327.6    104.0 11258.99  3665.55  1.00000
 150127. 13083.57 11258.67  3665.33   1327.6    104.0 11258.67  3665.33  1.00000
 156951. 13083.11 11258.34  3665.10   1327.6    104.0 11258.34  3665.10  1.00000
 163775. 13082.64 11258.00  3664.86   1327.6    104.0 11258.00  3664.86  1.00000
 170599. 13082.14 11257.64  3664.61   1327.6    104.0 11257.64  3664.61  1.00000
 177423. 13081.62 11257.27  3664.35   1327.6    104.0 11257.27  3664.35  1.00000
 184247. 13081.09 11256.88  3664.08   1327.6    104.0 11256.88  3664.08  1.00000
 191071. 13080.53 11256.48  3663.80   1327.6    104.0 11256.48  3663.80  1.00000
 197895. 13079.95 11256.06  3663.51   1327.6    104.0 11256.06  3663.51  1.00000
 204719. 13079.35 11255.63  3663.21   1327.6    104.0 11255.63  3663.21  1.00000
 211543. 13078.73 11255.19  3662.90   1327.6    104.0 11255.19  3662.90  1.00000
 218367. 13078.09 11254.73  3662.57   1327.6    104.0 11254.73  3662.57  1.00000
 225191. 13077.44 11254.25  3662.24   1327.6    104.0 11254.25  3662.24  1.00000
 232015. 13076.76 11253.76  3661.90   1327.6    104.0 11253.76  3661.90  1.00000
 238839. 13076.06 11253.26  3661.55   1327.6    104.0 11253.26  3661.55  1.00000
 245663. 13075.34 11252.74  3661.19   1327.6    104.0 11252.74  3661.19  1.00000
 252487. 13074.60 11252.21  3660.81   1327.6    104.0 11252.21  3660.81  1.00000
 259311. 13073.84 11251.66  3660.43   1327.6    104.0 11251.66  3660.43  1.00000
 266135. 13073.06 11251.10  3660.04   1327.6    104.0 11251.10  3660.04  1.00000
 272959. 13072.25 11250.52  3659.64   1327.6    104.0 11250.52  3659.64  1.00000
 279783. 13071.43 11249.93  3659.22   1327.6    104.0 11249.93  3659.22  1.00000
 286607. 13070.59 11249.33  3658.80   1327.6    104.0 11249.33  3658.80  1.00000
 293431. 13069.73 11248.71  3658.36   1327.6    104.0 11248.71  3658.36  1.00000
 300255. 13068.85 11248.07  3657.92   1327.6    104.0 11248.07  3657.92  1.00000
 307079. 13067.95 11247.42  3657.47   1327.6    104.0 11247.42  3657.47  1.00000
 313903. 13067.02 11246.76  3657.00   1327.6    104.0 11246.76  3657.00  1.00000
 320727. 13066.08 11246.08  3656.53   1327.6    104.0 11246.08  3656.53  1.00000
 327551. 13065.12 11245.38  3656.04   1327.6    104.0 11245.38  3656.04  1.00000
 334375. 13064.13 11244.67  3655.55   1327.6    104.0 11244.67  3655.55  1.00000
 341199. 13063.13 11243.95  3655.04   1327.6    104.0 11243.95  3655.04  1.00000
 348022. 13062.10 11243.21  3654.53   1327.6    104.0 11243.21  3654.53  1.00000
 354846. 13061.06 11242.46  3654.00   1327.6    104.0 11242.46  3654.00  1.00000
 361670. 13060.00 11241.70  3653.47   1327.6    104.0 11241.70  3653.47  1.00000
 368494. 13058.91 11240.91  3652.92   1327.6    104.0 11240.91  3652.92  1.00000
 375318. 13057.81 11240.12  3652.36   1327.6    104.0 11240.12  3652.36  1.00000
 382142. 13056.68 11239.31  3651.80   1327.6    104.0 11239.31  3651.80  1.00000
 388966. 13055.53 11238.48  3651.22   1327.6    104.0 11238.48  3651.22  1.00000
 395790. 13054.37 11237.64  3650.63   1327.6    104.0 11237.64  3650.63  1.00000
 402614. 13053.18 11236.79  3650.04   1327.6    104.0 11236.79  3650.04  1.00000
 409438. 13051.98 11235.92  3649.43   1327.6    104.0 11235.92  3649.43  1.00000
 416262. 13050.75 11235.04  3648.81   1327.6    104.0 11235.04  3648.81  1.00000
 423086. 13049.50 11234.14  3648.19   1327.6    104.0 11234.14  3648.19  1.00000
 429910. 13048.23 11233.23  3647.55   1327.6    104.0 11233.23  3647.55  1.00000
 436734. 13046.95 11232.30  3646.90   1327.6    104.0 11232.30  3646.90  1.00000
 443558. 13045.64 11231.36  3646.24   1327.6    104.0 11231.36  3646.24  1.00000
 450382. 13044.31 11230.40  3645.57   1327.6    104.0 11230.40  3645.57  1.00000
 457206. 13042.96 11229.43  3644.89   1327.6    104.0 11229.43  3644.89  1.00000
 464030. 13041.59 11228.44  3644.21   1327.6    104.0 11228.44  3644.21  1.00000
 470854. 13040.20 11227.44  3643.51   1327.6    104.0 11227.44  3643.51  1.00000
 477678. 13038.79 11226.43  3642.80   1327.6    104.0 11226.43  3642.80  1.00000
 484502. 13037.36 11225.40  3642.08   1327.6    104.0 11225.40  3642.08  1.00000
 491326. 13035.91 11224.36  3641.35   1327.6    104.0 11224.36  3641.35  1.00000
 498150. 13034.44 11223.30  3640.61   1327.6    104.0 11223.30  3640.61  1.00000
 504974. 13032.95 11222.22  3639.86   1327.6    104.0 11222.22  3639.86  1.00000
 511798. 13031.44 11221.14  3639.10   1327.6    104.0 11221.14  3639.10  1.00000
 518622. 13029.91 11220.03  3638.33   1327.6    104.0 11220.03  3638.33  1.00000
 525446. 13028.36 11218.92  3637.55   1327.6    104.0 11218.92  3637.55  1.00000
 532270. 13026.79 11217.78  3636.76   1327.6    104.0 11217.78  3636.76  1.00000
 539094. 13025.20 11216.64  3635.96   1327.6    104.0 11216.64  3635.96  1.00000
 545918. 13023.58 11215.48  3635.14   1327.6    104.0 11215.48  3635.14  1.00000
 552742. 13021.95 11214.30  3634.32   1327.6    104.0 11214.30  3634.32  1.00000
 559566. 13020.30 11213.11  3633.49   1327.6    104.0 11213.11  3633.49  1.00000
 566390. 13018.63 11211.91  3632.65   1327.6    104.0 11211.91  3632.65  1.00000
 573214. 13016.93 11210.69  3631.80   1327.6    104.0 11210.69  3631.80  1.00000
 580037. 13015.22 11209.45  3630.93   1327.6    104.0 11209.45  3630.93  1.00000
 586861. 13013.49 11208.21  3630.06   1327.6    104.0 11208.21  3630.06  1.00000
 593685. 13011.73 11206.94  3629.18   1327.6    104.0 11206.94  3629.18  1.00000
 600509. 13009.96 11205.67  3628.29   1327.6    104.0 11205.67  3628.29  1.00000
 607333. 13008.16 11204.37  3627.38   1327.6    104.0 11204.37  3627.38  1.00000
 614157. 13006.35 11203.07  3626.47   1327.6    104.0 11203.07  3626.47  1.00000
 620981. 13004.51 11201.74  3625.55   1327.6    104.0 11201.74  3625.55  1.00000
 627805. 13002.66 11200.41  3624.61   1327.6    104.0 11200.41  3624.61  1.00000
 634629. 13000.78 11199.06  3623.67   1327.6    104.0 11199.06  3623.67  1.00000
 641453. 12998.88 11197.69  3622.71   1327.6    104.0 11197.69  3622.71  1.00000
 648277. 12996.97 11196.31  3621.75   1327.6    104.0 11196.31  3621.75  1.00000
 655101. 12995.03 11194.92  3620.78   1327.6    104.0 11194.92  3620.78  1.00000
 661925. 12993.07 11193.51  3619.79   1327.6    104.0 11193.51  3619.79  1.00000
 668749. 12991.10 11192.09  3618.80   1327.6    104.0 11192.09  3618.80  1.00000
 675573. 12989.10 11190.65  3617.79   1327.6    104.0 11190.65  3617.79  1.00000
 682397. 12987.08 11189.19  3616.78   1327.6    104.0 11189.19  3616.78  1.00000
 689221. 12985.04 11187.73  3615.75   1327.6    104.0 11187.73  3615.75  1.00000
 696045. 12982.99 11186.24  3614.71   1327.6    104.0 11186.24  3614.71  1.00000
 702869. 12980.91 11184.75  3613.67   1327.6    104.0 11184.75  3613.67  1.00000
 709693. 12978.81 11183.24  3612.61   1327.6    104.0 11183.24  3612.61  1.00000
 716517. 12976.69 11181.71  3611.55   1327.6    104.0 11181.71  3611.55  1.00000
 723341. 12974.55 11180.17  3610.47   1327.6    104.0 11180.17  3610.47  1.00000
 730165. 12972.39 11178.61  3609.38   1327.6    104.0 11178.61  3609.38  1.00000
 736989. 12970.21 11177.04  3608.28   1327.6    104.0 11177.04  3608.28  1.00000
 743813. 12968.01 11175.46  3607.18   1327.6    104.0 11175.46  3607.18  1.00000
 750637. 12965.79 11173.86  3606.06   1327.6    104.0 11173.86  3606.06  1.00000
 757461. 12963.55 11172.25  3604.93   1327.6    104.0 11172.25  3604.93  1.00000
 764285. 12961.29 11170.62  3603.79   1327.6    104.0 11170.62  3603.79  1.00000
 771109. 12959.01 11168.98  3602.65   1327.6    104.0 11168.98  3602.65  1.00000
 777933. 12956.70 11167.32  3601.49   1327.6    104.0 11167.32  3601.49  1.00000
 784757. 12954.38 11165.65  3600.32   1327.6    104.0 11165.65  3600.32  1.00000
 791581. 12952.04 11163.96  3599.14   1327.6    104.0 11163.96  3599.14  1.00000
 798405. 12949.68 11162.26  3597.95   1327.6    104.0 11162.26  3597.95  1.00000
 805229. 12947.29 11160.54  3596.75   1327.6    104.0 11160.54  3596.75  1.00000
 812052. 12944.89 11158.81  3595.54   1327.6    104.0 11158.81  3595.54  1.00000
 818876. 12942.47 11157.07  3594.32   1327.6    104.0 11157.07  3594.32  1.00000
 825700. 12940.02 11155.31  3593.10   1327.6    104.0 11155.31  3593.10  1.00000
 832524. 12937.56 11153.54  3591.86   1327.6    104.0 11153.54  3591.86  1.00000
 839348. 12935.08 11151.75  3590.61   1327.6    104.0 11151.75  3590.61  1.00000
 846172. 12932.57 11149.94  3589.34   1327.6    104.0 11149.94  3589.34  1.00000
 852996. 12930.05 11148.13  3588.07   1327.6    104.0 11148.13  3588.07  1.00000
 859820. 12927.50 11146.29  3586.79   1327.6    104.0 11146.29  3586.79  1.00000
 866644. 12924.94 11144.45  3585.50   1327.6    104.0 11144.45  3585.50  1.00000
 873468. 12922.35 11142.58  3584.20   1327.6    104.0 11142.58  3584.20  1.00000
 880292. 12919.75 11140.71  3582.89   1327.6    104.0 11140.71  3582.89  1.00000
 887116. 12917.12 11138.82  3581.57   1327.6    104.0 11138.82  3581.57  1.00000
 893940. 12914.47 11136.91  3580.24   1327.6    104.0 11136.91  3580.24  1.00000
 900764. 12911.81 11134.99  3578.90   1327.6    104.0 11134.99  3578.90  1.00000
 907588. 12909.12 11133.06  3577.54   1327.6    104.0 11133.06  3577.54  1.00000
 914412. 12906.41 11131.11  3576.18   1327.6    104.0 11131.11  3576.18  1.00000
 921236. 12903.68 11129.14  3574.81   1327.6    104.0 11129.14  3574.81  1.00000
 928060. 12900.94 11127.16  3573.43   1327.6    104.0 11127.16  3573.43  1.00000
 934884. 12898.17 11125.17  3572.03   1327.6    104.0 11125.17  3572.03  1.00000
 941708. 12895.38 11123.16  3570.63   1327.6    104.0 11123.16  3570.63  1.00000
 948532. 12892.57 11121.14  3569.22   1327.6    104.0 11121.14  3569.22  1.00000
 955356. 12889.74 11119.10  3567.79   1327.6    104.0 11119.10  3567.79  1.00000
 962180. 12886.89 11117.05  3566.36   1327.6    104.0 11117.05  3566.36  1.00000
 969004. 12884.02 11114.99  3564.91   1327.6    104.0 11114.99  3564.91  1.00000
 975828. 12881.13 11112.90  3563.46   1327.6    104.0 11112.90  3563.46  1.00000
 982652. 12878.22 11110.81  3562.00   1327.6    104.0 11110.81  3562.00  1.00000
 989476. 12875.29 11108.70  3560.52   1327.6    104.0 11108.70  3560.52  1.00000
 996300. 12872.34 11106.57  3559.04   1327.6    104.0 11106.57  3559.04  1.00000
1003124. 12869.37 11104.44  3557.54   1327.6    104.0 11104.44  3557.54  1.00000
1009948. 12866.38 11102.28  3556.04   1327.6    104.0 11102.28  3556.04  1.00000
1016772. 12863.37 11100.11  3554.52   1327.6    104.0 11100.11  3554.52  1.00000
1023596. 12860.34 11097.93  3553.00   1327.6    104.0 11097.93  3553.00  1.00000
1030420. 12857.29 11095.73  3551.46   1327.6    104.0 11095.73  3551.46  1.00000
1037244. 12854.21 11093.52  3549.91   1327.6    104.0 11093.52  3549.91  1.00000
1044067. 12851.12 11091.29  3548.36   1327.6    104.0 11091.29  3548.36  1.00000
1050891. 12848.01 11089.05  3546.79   1327.6    104.0 11089.05  3546.79  1.00000
1057715. 12844.88 11086.80  3545.21   1327.6    104.0 11086.80  3545.21  1.00000
1064539. 12841.72 11084.53  3543.63   1327.6    104.0 11084.53  3543.63  1.00000
1071363. 12838.55 11082.24  3542.03   1327.6    104.0 11082.24  3542.03  1.00000
1078187. 12835.35 11079.94  3540.42   1327.6    104.0 11079.94  3540.42  1.00000
1085011. 12832.14 11077.63  3538.81   1327.6    104.0 11077.63  3538.81  1.00000
1091835. 12828.91 11075.30  3537.18   1327.6    104.0 11075.30  3537.18  1.00000
1098659. 12825.65 11072.95  3535.54   1327.6    104.0 11072.95  3535.54  1.00000
1105483. 12822.38 11070.59  3533.89   1327.6    104.0 11070.59  3533.89  1.00000
1112307. 12819.08 11068.22  3532.23   1327.6    104.0 11068.22  3532.23  1.00000
1119131. 12815.76 11065.83  3530.57   1327.6    104.0 11065.83  3530.57  1.00000
1125955. 12812.43 11063.43  3528.89   1327.6    104.0 11063.43  3528.89  1.00000
1132779. 12809.07 11061.02  3527.20   1327.6    104.0 11061.02  3527.20  1.00000
1139603. 12805.70 11058.58  3525.50   1327.6    104.0 11058.58  3525.50  1.00000
1146427. 12802.30 11056.14  3523.79   1327.6    104.0 11056.14  3523.79  1.00000
1153251. 12798.88 11053.68  3522.07   1327.6    104.0 11053.68  3522.07  1.00000
1160075. 12795.44 11051.20  3520.34   1327.6    104.0 11051.20  3520.34  1.00000
1166899. 12791.99 11048.71  3518.60   1327.6    104.0 11048.71  3518.60  1.00000
1173723. 12788.51 11046.21  3516.85   1327.6    104.0 11046.21  3516.85  1.00000
1180547. 12785.01 11043.69  3515.09   1327.6    104.0 11043.69  3515.09  1.00000
1187371. 12781.49 11041.16  3513.32   1327.6    104.0 11041.16  3513.32  1.00000
1194195. 12777.95 11038.61  3511.54   1327.6    104.0 11038.61  3511.54  1.00000
1201019. 12774.40 11036.05  3509.75   1327.6    104.0 11036.05  3509.75  1.00000
1207843. 12770.82 11033.47  3507.95   1327.6    104.0 11033.47  3507.95  1.00000
1214667. 12767.22 11030.88  3506.13   1327.6    104.0 11030.88  3506.13  1.00000
1221491. 12763.60 11028.27  3504.31   1327.6    104.0 11028.27  3504.31  1.00000
1221491.1 12166.35 10355.69     0.00  57822.5      0.0 10355.69     0.00  1.00000
1234250. 12159.77 10348.28     0.00  57822.5      0.0 10348.28     0.00  1.00000
1247010. 12153.14 10340.85     0.00  57822.5      0.0 10340.85     0.00  1.00000
1259770. 12146.45 10333.39     0.00  57822.5      0.0 10333.39     0.00  1.00000
1272530. 12139.71 10325.91     0.00  57822.5      0.0 10325.91     0.00  1.00000
1285289. 12132.91 10318.40     0.00  57822.5      0.0 10318.40     0.00  1.00000
1298049. 12126.05 10310.87     0.00  57822.5      0.0 10310.87     0.00  1.00000
1310809. 12119.14 10303.30     0.00  57822.5      0.0 10303.30     0.00  1.00000
1323568. 12112.18 10295.71     0.00  57822.5      0.0 10295.71     0.00  1.00000
1336328. 12105.15 10288.09     0.00  57822.5      0.0 10288.09     0.00  1.00000
1349088. 12098.07 10280.44     0.00  57822.5      0.0 10280.44     0.00  1.00000
1361847. 12090.93 10272.76     0.00  57822.5      0.0 10272.76     0.00  1.00000
1374607. 12083.73 10265.04     0.00  57822.5      0.0 10265.04     0.00  1.00000
1387367. 12076.48 10257.30     0.00  57822.5      0.0 10257.30     0.00  1.00000
1400127. 12069.17 10249.52     0.00  57822.5      0.0 10249.52     0.00  1.00000
1412886. 12061.80 10241.71     0.00  57822.5      0.0 10241.71     0.00  1.00000
1425646. 12054.37 10233.86     0.00  57822.5      0.0 10233.86     0.00  1.00000
1438406. 12046.88 10225.98     0.00  57822.5      0.0 10225.98     0.00  1.00000
1451165. 12039.33 10218.06     0.00  57822.5      0.0 10218.06     0.00  1.00000
1463925. 12031.72 10210.11     0.00  57822.5      0.0 10210.11     0.00  1.00000
1476685. 12024.05 10202.12     0.00  57822.5      0.0 10202.12     0.00  1.00000
1489444. 12016.33 10194.10     0.00  57822.5      0.0 10194.10     0.00  1.00000
1502204. 12008.54 10186.04     0.00  57822.5      0.0 10186.04     0.00  1.00000
1514964. 12000.69 10177.94     0.00  57822.5      0.0 10177.94     0.00  1.00000
1527724. 11992.78 10169.79     0.00  57822.5      0.0 10169.79     0.00  1.00000
1540483. 11984.81 10161.61     0.00  57822.5      0.0 10161.61     0.00  1.00000
1553243. 11976.78 10153.39     0.00  57822.5      0.0 10153.39     0.00  1.00000
1566003. 11968.68 10145.13     0.00  57822.5      0.0 10145.13     0.00  1.00000
1578762. 11960.53 10136.83     0.00  57822.5      0.0 10136.83     0.00  1.00000
1591522. 11952.31 10128.48     0.00  57822.5      0.0 10128.48     0.00  1.00000
1604282. 11944.03 10120.09     0.00  57822.5      0.0 10120.09     0.00  1.00000
1617041. 11935.69 10111.66     0.00  57822.5      0.0 10111.66     0.00  1.00000
1629801. 11927.28 10103.18     0.00  57822.5      0.0 10103.18     0.00  1.00000
1642561. 11918.81 10094.66     0.00  57822.5      0.0 10094.66     0.00  1.00000
1655321. 11910.28 10086.09     0.00  57822.5      0.0 10086.09     0.00  1.00000
1668080. 11901.68 10077.48     0.00  57822.5      0.0 10077.48     0.00  1.00000
1680840. 11893.02 10068.82     0.00  57822.5      0.0 10068.82     0.00  1.00000
1693600. 11884.30 10060.11     0.00  57822.5      0.0 10060.11     0.00  1.00000
1706359. 11875.51 10051.35     0.00  57822.5      0.0 10051.35     0.00  1.00000
1719119. 11866.66 10042.54     0.00  57822.5      0.0 10042.54     0.00  1.00000
1731879. 11857.74 10033.69     0.00  57822.5      0.0 10033.69     0.00  1.00000
1744638. 11848.75 10024.78     0.00  57822.5      0.0 10024.78     0.00  1.00000
1757398. 11839.70 10015.82     0.00  57822.5      0.0 10015.82     0.00  1.00000
1770158. 11830.58 10006.82     0.00  57822.5      0.0 10006.82     0.00  1.00000
1782918. 11821.40  9997.75     0.00  57822.5      0.0  9997.75     0.00  1.00000
1795677. 11812.15  9988.64     0.00  57822.5      0.0  9988.64     0.00  1.00000
1808437. 11802.84  9979.47     0.00  57822.5      0.0  9979.47     0.00  1.00000
1821197. 11793.45  9970.25     0.00  57822.5      0.0  9970.25     0.00  1.00000
1833956. 11784.01  9960.97     0.00  57822.5      0.0  9960.97     0.00  1.00000
1846716. 11774.49  9951.64     0.00  57822.5      0.0  9951.64     0.00  1.00000
1859476. 11764.90  9942.25     0.00  57822.5      0.0  9942.25     0.00  1.00000
1872235. 11755.25  9932.81     0.00  57822.5      0.0  9932.81     0.00  1.00000
1884995. 11745.53  9923.31     0.00  57822.5      0.0  9923.31     0.00  1.00000
1897755. 11735.74  9913.75     0.00  57822.5      0.0  9913.75     0.00  1.00000
1910515. 11725.88  9904.13     0.00  57822.5      0.0  9904.13     0.00  1.00000
1923274. 11715.95  9894.45     0.00  57822.5      0.0  9894.45     0.00  1.00000
1936034. 11705.95  9884.71     0.00  57822.5      0.0  9884.71     0.00  1.00000
1948794. 11695.89  9874.91     0.00  57822.5      0.0  9874.91     0.00  1.00000
1961553. 11685.75  9865.05     0.00  57822.5      0.0  9865.05     0.00  1.00000
1974313. 11675.54  9855.13     0.00  57822.5      0.0  9855.13     0.00  1.00000
1987073. 11665.26  9845.14     0.00  57822.5      0.0  9845.14     0.00  1.00000
1999832. 11654.92  9835.09     0.00  57822.5      0.0  9835.09     0.00  1.00000
2012592. 11644.50  9824.98     0.00  57822.5      0.0  9824.98     0.00  1.00000
2025352. 11634.01  9814.80     0.00  57822.5      0.0  9814.80     0.00  1.00000
2038112. 11623.44  9804.56     0.00  57822.5      0.0  9804.56     0.00  1.00000
2050871. 11612.81  9794.25     0.00  57822.5      0.0  9794.25     0.00  1.00000
2063631. 11602.10  9783.87     0.00  57822.5      0.0  9783.87     0.00  1.00000
2076391. 11591.32  9773.43     0.00  57822.5      0.0  9773.43     0.00  1.00000
2089150. 11580.47  9762.92     0.00  57822.5      0.0  9762.92     0.00  1.00000
2101910. 11569.55  9752.34     0.00  57822.5      0.0  9752.34     0.00  1.00000
2114670. 11558.55  9741.69     0.00  57822.5      0.0  9741.69     0.00  1.00000
2127429. 11547.48  9730.97     0.00  57822.5      0.0  9730.97     0.00  1.00000
2140189. 11536.34  9720.18     0.00  57822.5      0.0  9720.18     0.00  1.00000
2152949. 11525.12  9709.32     0.00  57822.5      0.0  9709.32     0.00  1.00000
2165709. 11513.83  9698.39     0.00  57822.5      0.0  9698.39     0.00  1.00000
2178468. 11502.46  9687.38     0.00  57822.5      0.0  9687.38     0.00  1.00000
2191228. 11491.02  9676.31     0.00  57822.5      0.0  9676.31     0.00  1.00000
2203988. 11479.51  9665.15     0.00  57822.5      0.0  9665.15     0.00  1.00000
2216747. 11467.91  9653.93     0.00  57822.5      0.0  9653.93     0.00  1.00000
2229507. 11456.25  9642.63     0.00  57822.5      0.0  9642.63     0.00  1.00000
2242267. 11444.50  9631.25     0.00  57822.5      0.0  9631.25     0.00  1.00000
2255026. 11432.69  9619.80     0.00  57822.5      0.0  9619.80     0.00  1.00000
2267786. 11420.79  9608.27     0.00  57822.5      0.0  9608.27     0.00  1.00000
2280546. 11408.82  9596.66     0.00  57822.5      0.0  9596.66     0.00  1.00000
2293306. 11396.77  9584.97     0.00  57822.5      0.0  9584.97     0.00  1.00000
2306065. 11384.64  9573.20     0.00  57822.5      0.0  9573.20     0.00  1.00000
2318825. 11372.44  9561.36     0.00  57822.5      0.0  9561.36     0.00  1.00000
2331585. 11360.16  9549.43     0.00  57822.5      0.0  9549.43     0.00  1.00000
2344344. 11347.80  9537.43     0.00  57822.5      0.0  9537.43     0.00  1.00000
2357104. 11335.37  9525.34     0.00  57822.5      0.0  9525.34     0.00  1.00000
2369864. 11322.85  9513.17     0.00  57822.5      0.0  9513.17     0.00  1.00000
2382623. 11310.26  9500.91     0.00  57822.5      0.0  9500.91     0.00  1.00000
2395383. 11297.58  9488.57     0.00  57822.5      0.0  9488.57     0.00  1.00000
2408143. 11284.83  9476.15     0.00  57822.5      0.0  9476.15     0.00  1.00000
2420903. 11272.00  9463.64     0.00  57822.5      0.0  9463.64     0.00  1.00000
2433662. 11259.09  9451.05     0.00  57822.5      0.0  9451.05     0.00  1.00000
2446422. 11246.10  9438.37     0.00  57822.5      0.0  9438.37     0.00  1.00000
2459182. 11233.03  9425.61     0.00  57822.5      0.0  9425.61     0.00  1.00000
2471941. 11219.87  9412.75     0.00  57822.5      0.0  9412.75     0.00  1.00000
2484701. 11206.64  9399.81     0.00  57822.5      0.0  9399.81     0.00  1.00000
2497461. 11193.33  9386.78     0.00  57822.5      0.0  9386.78     0.00  1.00000
2510220. 11179.93  9373.66     0.00  57822.5      0.0  9373.66     0.00  1.00000
2522980. 11166.45  9360.45     0.00  57822.5      0.0  9360.45     0.00  1.00000
2535740. 11152.89  9347.15     0.00  57822.5      0.0  9347.15     0.00  1.00000
2548500. 11139.25  9333.76     0.00  57822.5      0.0  9333.76     0.00  1.00000
2561259. 11125.53  9320.27     0.00  57822.5      0.0  9320.27     0.00  1.00000
2574019. 11111.72  9306.70     0.00  57822.5      0.0  9306.70     0.00  1.00000
2586779. 11097.83  9293.03     0.00  57822.5      0.0  9293.03     0.00  1.00000
2599538. 11083.86  9279.26     0.00  57822.5      0.0  9279.26     0.00  1.00000
2612298. 11069.80  9265.40     0.00  57822.5      0.0  9265.40     0.00  1.00000
2625058. 11055.66  9251.45     0.00  57822.5      0.0  9251.45     0.00  1.00000
2637818. 11041.44  9237.40     0.00  57822.5      0.0  9237.40     0.00  1.00000
2650577. 11027.13  9223.25     0.00  57822.5      0.0  9223.25     0.00  1.00000
2663337. 11012.74  9209.00     0.00  57822.5      0.0  9209.00     0.00  1.00000
2676097. 10998.26  9194.66     0.00  57822.5      0.0  9194.66     0.00  1.00000
2688856. 10983.70  9180.22     0.00  57822.5      0.0  9180.22     0.00  1.00000
2701616. 10969.05  9165.68     0.00  57822.5      0.0  9165.68     0.00  1.00000
2714376. 10954.32  9151.03     0.00  57822.5      0.0  9151.03     0.00  1.00000
2727135. 10939.50  9136.29     0.00  57822.5      0.0  9136.29     0.00  1.00000
2739895. 10924.59  9121.45     0.00  57822.5      0.0  9121.45     0.00  1.00000
2752655. 10909.60  9106.50     0.00  57822.5      0.0  9106.50     0.00  1.00000
2765415. 10894.52  9091.46     0.00  57822.5      0.0  9091.46     0.00  1.00000
2778174. 10879.35  9076.30     0.00  57822.5      0.0  9076.30     0.00  1.00000
2790934. 10864.10  9061.05     0.00  57822.5      0.0  9061.05     0.00  1.00000
2803694. 10848.76  9045.69     0.00  57822.5      0.0  9045.69     0.00  1.00000
2816453. 10833.33  9030.23     0.00  57822.5      0.0  9030.23     0.00  1.00000
2829213. 10817.81  9014.65     0.00  57822.5      0.0  9014.65     0.00  1.00000
2841973. 10802.21  8998.98     0.00  57822.5      0.0  8998.98     0.00  1.00000
2854732. 10786.51  8983.19     0.00  57822.5      0.0  8983.19     0.00  1.00000
2867492. 10770.73  8967.30     0.00  57822.5      0.0  8967.30     0.00  1.00000
2880252. 10754.86  8951.30     0.00  57822.5      0.0  8951.30     0.00  1.00000
2893012. 10738.90  8935.19     0.00  57822.5      0.0  8935.19     0.00  1.00000
2905771. 10722.85  8918.97     0.00  57822.5      0.0  8918.97     0.00  1.00000
2918531. 10706.71  8902.64     0.00  57822.5      0.0  8902.64     0.00  1.00000
2931291. 10690.48  8886.20     0.00  57822.5      0.0  8886.20     0.00  1.00000
2944050. 10674.16  8869.64     0.00  57822.5      0.0  8869.64     0.00  1.00000
2956810. 10657.75  8852.98     0.00  57822.5      0.0  8852.98     0.00  1.00000
2969570. 10641.24  8836.20     0.00  57822.5      0.0  8836.20     0.00  1.00000
2982329. 10624.65  8819.31     0.00  57822.5      0.0  8819.31     0.00  1.00000
2995089. 10607.96  8802.30     0.00  57822.5      0.0  8802.30     0.00  1.00000
3007849. 10591.19  8785.18     0.00  57822.5      0.0  8785.18     0.00  1.00000
3020609. 10574.32  8767.94     0.00  57822.5      0.0  8767.94     0.00  1.00000
3033368. 10557.36  8750.59     0.00  57822.5      0.0  8750.59     0.00  1.00000
3046128. 10540.30  8733.12     0.00  57822.5      0.0  8733.12     0.00  1.00000
3058888. 10523.16  8715.53     0.00  57822.5      0.0  8715.53     0.00  1.00000
3071647. 10505.92  8697.82     0.00  57822.5      0.0  8697.82     0.00  1.00000
3084407. 10488.58  8680.00     0.00  57822.5      0.0  8680.00     0.00  1.00000
3097167. 10471.15  8662.05     0.00  57822.5      0.0  8662.05     0.00  1.00000
3109926. 10453.63  8643.99     0.00  57822.5      0.0  8643.99     0.00  1.00000
3122686. 10436.02  8625.80     0.00  57822.5      0.0  8625.80     0.00  1.00000
3135446. 10418.31  8607.49     0.00  57822.5      0.0  8607.49     0.00  1.00000
3148206. 10400.51  8589.06     0.00  57822.5      0.0  8589.06     0.00  1.00000
3160965. 10382.61  8570.51     0.00  57822.5      0.0  8570.51     0.00  1.00000
3173725. 10364.61  8551.83     0.00  57822.5      0.0  8551.83     0.00  1.00000
3186485. 10346.52  8533.03     0.00  57822.5      0.0  8533.03     0.00  1.00000
3199244. 10328.34  8514.10     0.00  57822.5      0.0  8514.10     0.00  1.00000
3212004. 10310.05  8495.05     0.00  57822.5      0.0  8495.05     0.00  1.00000
3224764. 10291.68  8475.87     0.00  57822.5      0.0  8475.87     0.00  1.00000
3237523. 10273.20  8456.57     0.00  57822.5      0.0  8456.57     0.00  1.00000
3250283. 10254.63  8437.14     0.00  57822.5      0.0  8437.14     0.00  1.00000
3263043. 10235.96  8417.58     0.00  57822.5      0.0  8417.58     0.00  1.00000
3275803. 10217.20  8397.89     0.00  57822.5      0.0  8397.89     0.00  1.00000
3288562. 10198.33  8378.07     0.00  57822.5      0.0  8378.07     0.00  1.00000
3301322. 10179.37  8358.12     0.00  57822.5      0.0  8358.12     0.00  1.00000
3314082. 10160.31  8338.04     0.00  57822.5      0.0  8338.04     0.00  1.00000
3326841. 10141.15  8317.83     0.00  57822.5      0.0  8317.83     0.00  1.00000
3339601. 10121.90  8297.49     0.00  57822.5      0.0  8297.49     0.00  1.00000
3352361. 10102.54  8277.01     0.00  57822.5      0.0  8277.01     0.00  1.00000
3365120. 10083.09  8256.41     0.00  57822.5      0.0  8256.41     0.00  1.00000
3377880. 10063.53  8235.66     0.00  57822.5      0.0  8235.66     0.00  1.00000
3390640. 10043.88  8214.79     0.00  57822.5      0.0  8214.79     0.00  1.00000
3403400. 10024.12  8193.77     0.00  57822.5      0.0  8193.77     0.00  1.00000
3416159. 10004.27  8172.62     0.00  57822.5      0.0  8172.62     0.00  1.00000
3428919.  9984.32  8151.34     0.00  57822.5      0.0  8151.34     0.00  1.00000
3441679.  9964.26  8129.92     0.00  57822.5      0.0  8129.92     0.00  1.00000
3454438.  9944.10  8108.36     0.00  57822.5      0.0  8108.36     0.00  1.00000
3467198.  9923.84  8086.66     0.00  57822.5      0.0  8086.66     0.00  1.00000
3479958.  9903.48  8064.82     0.00  57822.5      0.0  8064.82     0.00  1.00000
3479958.1  5566.45 13716.60  7264.66  57822.5    355.0 13716.60  7264.66  1.00000
3489335.  5561.75 13714.29  7264.75  57822.5    355.0 13714.29  7264.75  1.00000
3498713.  5557.05 13712.00  7264.85  57822.5    355.0 13712.00  7264.85  1.00000
3508091.  5552.36 13709.70  7264.94  57822.5    355.0 13709.70  7264.94  1.00000
3517468.  5547.66 13707.42  7265.03  57822.5    355.0 13707.42  7265.03  1.00000
3526846.  5542.97 13705.14  7265.12  57822.5    355.0 13705.14  7265.12  1.00000
3536224.  5538.28 13702.86  7265.21  57822.5    355.0 13702.86  7265.21  1.00000
3545601.  5533.59 13700.59  7265.29  57822.5    355.0 13700.59  7265.29  1.00000
3554979.  5528.90 13698.33  7265.38  57822.5    355.0 13698.33  7265.38  1.00000
3564357.  5524.21 13696.07  7265.46  57822.5    355.0 13696.07  7265.46  1.00000
3573734.  5519.53 13693.82  7265.54  57822.5    355.0 13693.82  7265.54  1.00000
3583112.  5514.85 13691.57  7265.62  57822.5    355.0 13691.57  7265.62  1.00000
3592489.  5510.16 13689.33  7265.69  57822.5    355.0 13689.33  7265.69  1.00000
3601867.  5505.48 13687.09  7265.76  57822.5    355.0 13687.09  7265.76  1.00000
3611245.  5500.81 13684.86  7265.84  57822.5    355.0 13684.86  7265.84  1.00000
3620622.  5496.13 13682.63  7265.91  57822.5    355.0 13682.63  7265.91  1.00000
3630000.  5491.45 13680.41  7265.97  57822.5    355.0 13680.41  7265.97  1.00000
3630000.1  5491.45 13680.41  7265.97  57822.5    355.0 13680.41  7265.97  1.00000
3639471.  5486.73 13668.90  7261.63  57822.5    355.0 13668.90  7261.63  1.00000
3648942.  5482.01 13657.43  7257.29  57822.5    355.0 13657.43  7257.29  1.00000
3658413.  5477.29 13645.97  7252.97  57822.5    355.0 13645.97  7252.97  1.00000
3667885.  5472.57 13634.54  7248.64  57822.5    355.0 13634.54  7248.64  1.00000
3677356.  5467.85 13623.14  7244.33  57822.5    355.0 13623.14  7244.33  1.00000
3686827.  5463.13 13611.76  7240.01  57822.5    355.0 13611.76  7240.01  1.00000
3696298.  5458.42 13600.40  7235.71  57822.5    355.0 13600.40  7235.71  1.00000
3705769.  5453.70 13589.07  7231.41  57822.5    355.0 13589.07  7231.41  1.00000
3715240.  5448.99 13577.76  7227.12  57822.5    355.0 13577.76  7227.12  1.00000
3724712.  5444.27 13566.47  7222.83  57822.5    355.0 13566.47  7222.83  1.00000
3734183.  5439.56 13555.20  7218.55  57822.5    355.0 13555.20  7218.55  1.00000
3743654.  5434.85 13543.95  7214.27  57822.5    355.0 13543.95  7214.27  1.00000
3753125.  5430.13 13532.72  7210.00  57822.5    355.0 13532.72  7210.00  1.00000
3762596.  5425.42 13521.51  7205.73  57822.5    355.0 13521.51  7205.73  1.00000
3772067.  5420.71 13510.32  7201.47  57822.5    355.0 13510.32  7201.47  1.00000
3781538.  5416.00 13499.14  7197.21  57822.5    355.0 13499.14  7197.21  1.00000
3791010.  5411.29 13487.99  7192.95  57822.5    355.0 13487.99  7192.95  1.00000
3800481.  5406.57 13476.85  7188.70  57822.5    355.0 13476.85  7188.70  1.00000
3809952.  5401.86 13465.73  7184.45  57822.5    355.0 13465.73  7184.45  1.00000
3819423.  5397.15 13454.63  7180.21  57822.5    355.0 13454.63  7180.21  1.00000
3828894.  5392.44 13443.54  7175.97  57822.5    355.0 13443.54  7175.97  1.00000
3838365.  5387.73 13432.46  7171.73  57822.5    355.0 13432.46  7171.73  1.00000
3847837.  5383.02 13421.41  7167.50  57822.5    355.0 13421.41  7167.50  1.00000
3857308.  5378.30 13410.36  7163.27  57822.5    355.0 13410.36  7163.27  1.00000
3866779.  5373.59 13399.33  7159.04  57822.5    355.0 13399.33  7159.04  1.00000
3876250.  5368.88 13388.31  7154.81  57822.5    355.0 13388.31  7154.81  1.00000
3885721.  5364.17 13377.31  7150.59  57822.5    355.0 13377.31  7150.59  1.00000
3895192.  5359.45 13366.31  7146.37  57822.5    355.0 13366.31  7146.37  1.00000
3904663.  5354.74 13355.33  7142.15  57822.5    355.0 13355.33  7142.15  1.00000
3914135.  5350.02 13344.36  7137.93  57822.5    355.0 13344.36  7137.93  1.00000
3923606.  5345.31 13333.40  7133.71  57822.5    355.0 13333.40  7133.71  1.00000
3933077.  5340.59 13322.45  7129.50  57822.5    355.0 13322.45  7129.50  1.00000
3942548.  5335.87 13311.51  7125.29  57822.5    355.0 13311.51  7125.29  1.00000
3952019.  5331.16 13300.58  7121.07  57822.5    355.0 13300.58  7121.07  1.00000
3961490.  5326.44 13289.66  7116.86  57822.5    355.0 13289.66  7116.86  1.00000
3970962.  5321.72 13278.74  7112.65  57822.5    355.0 13278.74  7112.65  1.00000
3980433.  5317.00 13267.84  7108.44  57822.5    355.0 13267.84  7108.44  1.00000
3989904.  5312.28 13256.93  7104.23  57822.5    355.0 13256.93  7104.23  1.00000
3999375.  5307.55 13246.04  7100.02  57822.5    355.0 13246.04  7100.02  1.00000
4008846.  5302.83 13235.15  7095.81  57822.5    355.0 13235.15  7095.81  1.00000
4018317.  5298.10 13224.27  7091.60  57822.5    355.0 13224.27  7091.60  1.00000
4027788.  5293.38 13213.39  7087.39  57822.5    355.0 13213.39  7087.39  1.00000
4037260.  5288.65 13202.51  7083.18  57822.5    355.0 13202.51  7083.18  1.00000
4046731.  5283.92 13191.64  7078.96  57822.5    355.0 13191.64  7078.96  1.00000
4056202.  5279.19 13180.78  7074.75  57822.5    355.0 13180.78  7074.75  1.00000
4065673.  5274.45 13169.91  7070.54  57822.5    355.0 13169.91  7070.54  1.00000
4075144.  5269.72 13159.05  7066.32  57822.5    355.0 13159.05  7066.32  1.00000
4084615.  5264.98 13148.19  7062.10  57822.5    355.0 13148.19  7062.10  1.00000
4094087.  5260.25 13137.33  7057.88  57822.5    355.0 13137.33  7057.88  1.00000
4103558.  5255.51 13126.47  7053.66  57822.5    355.0 13126.47  7053.66  1.00000
4113029.  5250.77 13115.61  7049.44  57822.5    355.0 13115.61  7049.44  1.00000
4122500.  5246.02 13104.75  7045.22  57822.5    355.0 13104.75  7045.22  1.00000
4131971.  5241.28 13093.89  7040.99  57822.5    355.0 13093.89  7040.99  1.00000
4141442.  5236.53 13083.02  7036.76  57822.5    355.0 13083.02  7036.76  1.00000
4150913.  5231.78 13072.16  7032.52  57822.5    355.0 13072.16  7032.52  1.00000
4160385.  5227.03 13061.29  7028.29  57822.5    355.0 13061.29  7028.29  1.00000
4169856.  5222.27 13050.42  7024.05  57822.5    355.0 13050.42  7024.05  1.00000
4179327.  5217.52 13039.55  7019.81  57822.5    355.0 13039.55  7019.81  1.00000
4188798.  5212.76 13028.67  7015.56  57822.5    355.0 13028.67  7015.56  1.00000
4198269.  5208.00 13017.78  7011.31  57822.5    355.0 13017.78  7011.31  1.00000
4207740.  5203.23 13006.90  7007.06  57822.5    355.0 13006.90  7007.06  1.00000
4217212.  5198.47 12996.00  7002.80  57822.5    355.0 12996.00  7002.80  1.00000
4226683.  5193.70 12985.10  6998.54  57822.5    355.0 12985.10  6998.54  1.00000
4236154.  5188.93 12974.19  6994.27  57822.5    355.0 12974.19  6994.27  1.00000
4245625.  5184.15 12963.28  6990.00  57822.5    355.0 12963.28  6990.00  1.00000
4255096.  5179.38 12952.36  6985.72  57822.5    355.0 12952.36  6985.72  1.00000
4264567.  5174.60 12941.42  6981.44  57822.5    355.0 12941.42  6981.44  1.00000
4274038.  5169.82 12930.48  6977.15  57822.5    355.0 12930.48  6977.15  1.00000
4283510.  5165.03 12919.54  6972.86  57822.5    355.0 12919.54  6972.86  1.00000
4292981.  5160.24 12908.58  6968.57  57822.5    355.0 12908.58  6968.57  1.00000
4302452.  5155.45 12897.61  6964.26  57822.5    355.0 12897.61  6964.26  1.00000
4311923.  5150.65 12886.63  6959.95  57822.5    355.0 12886.63  6959.95  1.00000
4321394.  5145.86 12875.63  6955.64  57822.5    355.0 12875.63  6955.64  1.00000
4330865.  5141.06 12864.63  6951.32  57822.5    355.0 12864.63  6951.32  1.00000
4340337.  5136.25 12853.61  6946.99  57822.5    355.0 12853.61  6946.99  1.00000
4349808.  5131.44 12842.58  6942.66  57822.5    355.0 12842.58  6942.66  1.00000
4359279.  5126.63 12831.54  6938.31  57822.5    355.0 12831.54  6938.31  1.00000
4368750.  5121.82 12820.48  6933.97  57822.5    355.0 12820.48  6933.97  1.00000
4378221.  5117.00 12809.41  6929.61  57822.5    355.0 12809.41  6929.61  1.00000
4387692.  5112.18 12798.32  6925.25  57822.5    355.0 12798.32  6925.25  1.00000
4397163.  5107.35 12787.22  6920.88  57822.5    355.0 12787.22  6920.88  1.00000
4406635.  5102.52 12776.10  6916.50  57822.5    355.0 12776.10  6916.50  1.00000
4416106.  5097.69 12764.96  6912.11  57822.5    355.0 12764.96  6912.11  1.00000
4425577.  5092.85 12753.81  6907.72  57822.5    355.0 12753.81  6907.72  1.00000
4435048.  5088.01 12742.63  6903.32  57822.5    355.0 12742.63  6903.32  1.00000
4444519.  5083.16 12731.44  6898.91  57822.5    355.0 12731.44  6898.91  1.00000
4453990.  5078.31 12720.24  6894.49  57822.5    355.0 12720.24  6894.49  1.00000
4463462.  5073.46 12709.01  6890.06  57822.5    355.0 12709.01  6890.06  1.00000
4472933.  5068.60 12697.76  6885.62  57822.5    355.0 12697.76  6885.62  1.00000
4482404.  5063.74 12686.49  6881.17  57822.5    355.0 12686.49  6881.17  1.00000
4491875.  5058.87 12675.20  6876.72  57822.5    355.0 12675.20  6876.72  1.00000
4501346.  5054.00 12663.89  6872.25  57822.5    355.0 12663.89  6872.25  1.00000
4510817.  5049.13 12652.56  6867.78  57822.5    355.0 12652.56  6867.78  1.00000
4520288.  5044.25 12641.20  6863.29  57822.5    355.0 12641.20  6863.29  1.00000
4529760.  5039.36 12629.82  6858.80  57822.5    355.0 12629.82  6858.80  1.00000
4539231.  5034.47 12618.42  6854.29  57822.5    355.0 12618.42  6854.29  1.00000
4548702.  5029.58 12606.99  6849.78  57822.5    355.0 12606.99  6849.78  1.00000
4558173.  5024.68 12595.54  6845.25  57822.5    355.0 12595.54  6845.25  1.00000
4567644.  5019.78 12584.06  6840.71  57822.5    355.0 12584.06  6840.71  1.00000
4577115.  5014.87 12572.56  6836.16  57822.5    355.0 12572.56  6836.16  1.00000
4586587.  5009.96 12561.03  6831.60  57822.5    355.0 12561.03  6831.60  1.00000
4596058.  5005.04 12549.48  6827.03  57822.5    355.0 12549.48  6827.03  1.00000
4605529.  5000.12 12537.89  6822.45  57822.5    355.0 12537.89  6822.45  1.00000
4615000.  4995.19 12526.28  6817.85  57822.5    355.0 12526.28  6817.85  1.00000
4624471.  4990.26 12514.64  6813.25  57822.5    355.0 12514.64  6813.25  1.00000
4633942.  4985.32 12502.98  6808.63  57822.5    355.0 12502.98  6808.63  1.00000
4643413.  4980.38 12491.28  6804.00  57822.5    355.0 12491.28  6804.00  1.00000
4652885.  4975.43 12479.55  6799.35  57822.5    355.0 12479.55  6799.35  1.00000
4662356.  4970.47 12467.79  6794.70  57822.5    355.0 12467.79  6794.70  1.00000
4671827.  4965.51 12456.01  6790.03  57822.5    355.0 12456.01  6790.03  1.00000
4681298.  4960.55 12444.19  6785.34  57822.5    355.0 12444.19  6785.34  1.00000
4690769.  4955.58 12432.33  6780.65  57822.5    355.0 12432.33  6780.65  1.00000
4700240.  4950.60 12420.45  6775.94  57822.5    355.0 12420.45  6775.94  1.00000
4709712.  4945.62 12408.53  6771.22  57822.5    355.0 12408.53  6771.22  1.00000
4719183.  4940.63 12396.58  6766.48  57822.5    355.0 12396.58  6766.48  1.00000
4728654.  4935.64 12384.60  6761.73  57822.5    355.0 12384.60  6761.73  1.00000
4738125.  4930.64 12372.58  6756.97  57822.5    355.0 12372.58  6756.97  1.00000
4747596.  4925.63 12360.52  6752.19  57822.5    355.0 12360.52  6752.19  1.00000
4757067.  4920.62 12348.43  6747.40  57822.5    355.0 12348.43  6747.40  1.00000
4766538.  4915.60 12336.30  6742.59  57822.5    355.0 12336.30  6742.59  1.00000
4776010.  4910.58 12324.14  6737.76  57822.5    355.0 12324.14  6737.76  1.00000
4785481.  4905.55 12311.94  6732.93  57822.5    355.0 12311.94  6732.93  1.00000
4794952.  4900.51 12299.70  6728.07  57822.5    355.0 12299.70  6728.07  1.00000
4804423.  4895.47 12287.42  6723.21  57822.5    355.0 12287.42  6723.21  1.00000
4813894.  4890.42 12275.11  6718.32  57822.5    355.0 12275.11  6718.32  1.00000
4823365.  4885.37 12262.75  6713.42  57822.5    355.0 12262.75  6713.42  1.00000
4832837.  4880.31 12250.35  6708.51  57822.5    355.0 12250.35  6708.51  1.00000
4842308.  4875.24 12237.92  6703.57  57822.5    355.0 12237.92  6703.57  1.00000
4851779.  4870.16 12225.44  6698.62  57822.5    355.0 12225.44  6698.62  1.00000
4861250.  4865.08 12212.92  6693.66  57822.5    355.0 12212.92  6693.66  1.00000
4870721.  4859.99 12200.36  6688.68  57822.5    355.0 12200.36  6688.68  1.00000
4880192.  4854.90 12187.76  6683.68  57822.5    355.0 12187.76  6683.68  1.00000
4889663.  4849.80 12175.11  6678.66  57822.5    355.0 12175.11  6678.66  1.00000
4899135.  4844.69 12162.43  6673.63  57822.5    355.0 12162.43  6673.63  1.00000
4908606.  4839.57 12149.69  6668.58  57822.5    355.0 12149.69  6668.58  1.00000
4918077.  4834.45 12136.91  6663.51  57822.5    355.0 12136.91  6663.51  1.00000
4927548.  4829.32 12124.09  6658.43  57822.5    355.0 12124.09  6658.43  1.00000
4937019.  4824.18 12111.22  6653.32  57822.5    355.0 12111.22  6653.32  1.00000
4946490.  4819.04 12098.31  6648.20  57822.5    355.0 12098.31  6648.20  1.00000
4955962.  4813.88 12085.34  6643.06  57822.5    355.0 12085.34  6643.06  1.00000
4965433.  4808.73 12072.34  6637.90  57822.5    355.0 12072.34  6637.90  1.00000
4974904.  4803.56 12059.28  6632.73  57822.5    355.0 12059.28  6632.73  1.00000
4984375.  4798.39 12046.17  6627.53  57822.5    355.0 12046.17  6627.53  1.00000
4993846.  4793.20 12033.02  6622.31  57822.5    355.0 12033.02  6622.31  1.00000
5003317.  4788.02 12019.82  6617.08  57822.5    355.0 12019.82  6617.08  1.00000
5012788.  4782.82 12006.56  6611.82  57822.5    355.0 12006.56  6611.82  1.00000
5022260.  4777.61 11993.26  6606.55  57822.5    355.0 11993.26  6606.55  1.00000
5031731.  4772.40 11979.90  6601.26  57822.5    355.0 11979.90  6601.26  1.00000
5041202.  4767.18 11966.50  6595.94  57822.5    355.0 11966.50  6595.94  1.00000
5050673.  4761.95 11953.04  6590.61  57822.5    355.0 11953.04  6590.61  1.00000
5060144.  4756.72 11939.53  6584.91  57822.5    355.0 11939.53  6584.91  1.00000
5069615.  4751.47 11925.97  6579.51  57822.5    355.0 11925.97  6579.51  1.00000
5079087.  4746.22 11912.35  6574.11  57822.5    355.0 11912.35  6574.11  1.00000
5088558.  4740.95 11898.69  6568.67  57822.5    355.0 11898.69  6568.67  1.00000
5098029.  4735.68 11884.96  6563.22  57822.5    355.0 11884.96  6563.22  1.00000
5107500.  4730.40 11871.19  6557.74  57822.5    355.0 11871.19  6557.74  1.00000
5116971.  4725.10 11857.37  6552.24  57822.5    355.0 11857.37  6552.24  1.00000
5126442.  4719.80 11843.48  6546.73  57822.5    355.0 11843.48  6546.73  1.00000
5135913.  4714.48 11829.55  6541.19  57822.5    355.0 11829.55  6541.19  1.00000
5145385.  4709.15 11815.57  6535.63  57822.5    355.0 11815.57  6535.63  1.00000
5154856.  4703.81 11801.53  6530.05  57822.5    355.0 11801.53  6530.05  1.00000
5164327.  4698.44 11787.44  6524.44  57822.5    355.0 11787.44  6524.44  1.00000
5173798.  4693.08 11773.30  6518.82  57822.5    355.0 11773.30  6518.82  1.00000
5183269.  4687.69 11759.10  6513.17  57822.5    355.0 11759.10  6513.17  1.00000
5192740.  4682.29 11744.85  6507.50  57822.5    355.0 11744.85  6507.50  1.00000
5202212.  4676.87 11730.55  6501.80  57822.5    355.0 11730.55  6501.80  1.00000
5211683.  4671.44 11716.18  6496.09  57822.5    355.0 11716.18  6496.09  1.00000
5221154.  4665.99 11701.78  6490.35  57822.5    355.0 11701.78  6490.35  1.00000
5230625.  4660.52 11687.31  6484.59  57822.5    355.0 11687.31  6484.59  1.00000
5240096.  4655.03 11672.80  6478.80  57822.5    355.0 11672.80  6478.80  1.00000
5249567.  4649.52 11658.23  6472.99  57822.5    355.0 11658.23  6472.99  1.00000
5259038.  4644.00 11643.60  6467.16  57822.5    355.0 11643.60  6467.16  1.00000
5268510.  4638.46 11628.92  6461.30  57822.5    355.0 11628.92  6461.30  1.00000
5277981.  4632.89 11614.19  6455.42  57822.5    355.0 11614.19  6455.42  1.00000
5287452.  4627.31 11599.40  6449.51  57822.5    355.0 11599.40  6449.51  1.00000
5296923.  4621.70 11584.57  6443.58  57822.5    355.0 11584.57  6443.58  1.00000
5306394.  4616.08 11569.68  6437.63  57822.5    355.0 11569.68  6437.63  1.00000
5315865.  4610.44 11554.72  6431.65  57822.5    355.0 11554.72  6431.65  1.00000
5325337.  4604.76 11539.72  6425.65  57822.5    355.0 11539.72  6425.65  1.00000
5334808.  4599.08 11524.67  6419.61  57822.5    355.0 11524.67  6419.61  1.00000
5344279.  4593.36 11509.56  6413.56  57822.5    355.0 11509.56  6413.56  1.00000
5353750.  4587.63 11494.39  6407.48  57822.5    355.0 11494.39  6407.48  1.00000
5363221.  4581.86 11479.17  6401.37  57822.5    355.0 11479.17  6401.37  1.00000
5372692.  4576.07 11463.89  6395.25  57822.5    355.0 11463.89  6395.25  1.00000
5382163.  4570.26 11448.55  6389.09  57822.5    355.0 11448.55  6389.09  1.00000
5391635.  4564.43 11433.17  6382.91  57822.5    355.0 11433.17  6382.91  1.00000
5401106.  4558.56 11417.73  6376.70  57822.5    355.0 11417.73  6376.70  1.00000
5410577.  4552.67 11402.23  6370.46  57822.5    355.0 11402.23  6370.46  1.00000
5420048.  4546.76 11386.68  6364.20  57822.5    355.0 11386.68  6364.20  1.00000
5429519.  4540.82 11371.07  6357.91  57822.5    355.0 11371.07  6357.91  1.00000
5438990.  4534.84 11355.41  6351.59  57822.5    355.0 11355.41  6351.59  1.00000
5448462.  4528.85 11339.69  6345.25  57822.5    355.0 11339.69  6345.25  1.00000
5457933.  4522.81 11323.91  6338.88  57822.5    355.0 11323.91  6338.88  1.00000
5467404.  4516.76 11308.09  6332.49  57822.5    355.0 11308.09  6332.49  1.00000
5476875.  4510.67 11292.20  6326.05  57822.5    355.0 11292.20  6326.05  1.00000
5486346.  4504.56 11276.25  6319.60  57822.5    355.0 11276.25  6319.60  1.00000
5495817.  4498.41 11260.25  6313.13  57822.5    355.0 11260.25  6313.13  1.00000
5505288.  4492.23 11244.19  6306.62  57822.5    355.0 11244.19  6306.62  1.00000
5514760.  4486.02 11228.08  6300.08  57822.5    355.0 11228.08  6300.08  1.00000
5524231.  4479.78 11211.90  6293.52  57822.5    355.0 11211.90  6293.52  1.00000
5533702.  4473.51 11195.67  6286.92  57822.5    355.0 11195.67  6286.92  1.00000
5543173.  4467.20 11179.38  6280.29  57822.5    355.0 11179.38  6280.29  1.00000
5552644.  4460.87 11163.04  6273.64  57822.5    355.0 11163.04  6273.64  1.00000
5562115.  4454.49 11146.63  6266.96  57822.5    355.0 11146.63  6266.96  1.00000
5571587.  4448.08 11130.18  6260.25  57822.5    355.0 11130.18  6260.25  1.00000
5581058.  4441.63 11113.67  6253.51  57822.5    355.0 11113.67  6253.51  1.00000
5590529.  4435.13 11097.11  6246.75  57822.5    355.0 11097.11  6246.75  1.00000
5600000.  4428.60 11080.51  6239.95  57822.5    355.0 11080.51  6239.95  1.00000
5600000.1  4428.59 11080.51  6239.95  57822.5    355.0 11080.51  6239.95  1.00000
5607562.  4423.32 11063.01  6219.68  57822.5    355.0 11063.01  6219.68  1.00000
5615125.  4418.01 11045.22  6200.29  57822.5    355.0 11045.22  6200.29  1.00000
5622688.  4412.67 11026.82  6181.16  57822.5    355.0 11026.82  6181.16  1.00000
5630250.  4407.30 11008.47  6162.04  57822.5    355.0 11008.47  6162.04  1.00000
5637812.  4401.90 10989.04  6143.01  57822.5    355.0 10989.04  6143.01  1.00000
5645375.  4396.45 10969.63  6123.98  57822.5    355.0 10969.63  6123.98  1.00000
5652938.  4390.96 10948.76  6103.71  57822.5    355.0 10948.76  6103.71  1.00000
5660500.  4385.40 10928.02  6083.53  57822.5    355.0 10928.02  6083.53  1.00000
5668062.  4379.81 10907.42  6063.45  57822.5    355.0 10907.42  6063.45  1.00000
5675625.  4374.16 10886.94  6043.44  57822.5    355.0 10886.94  6043.44  1.00000
5683188.  4368.47 10866.60  6023.52  57822.5    355.0 10866.60  6023.52  1.00000
5690750.  4362.72 10846.41  6003.73  57822.5    355.0 10846.41  6003.73  1.00000
5698312.  4356.92 10826.35  5984.03  57822.5    355.0 10826.35  5984.03  1.00000
5705875.  4351.08 10806.42  5964.38  57822.5    355.0 10806.42  5964.38  1.00000
5713438.  4345.18 10786.61  5944.81  57822.5    355.0 10786.61  5944.81  1.00000
5721000.  4339.24 10766.90  5925.27  57822.5    355.0 10766.90  5925.27  1.00000
5721000.1  4047.01 10278.88  5550.32    943.0    165.0 10278.88  5550.32  1.00000
5724572.  4042.50 10261.87  5541.20    943.0    165.0 10261.87  5541.20  1.00000
5728143.  4037.98 10244.84  5532.08    943.0    165.0 10244.84  5532.08  1.00000
5731714.  4033.48 10227.82  5522.96    943.0    165.0 10227.82  5522.96  1.00000
5735286.  4028.95 10210.80  5513.83    943.0    165.0 10210.80  5513.83  1.00000
5738857.  4024.45 10193.78  5504.71    943.0    165.0 10193.78  5504.71  1.00000
5742428.  4019.93 10176.77  5495.59    943.0    165.0 10176.77  5495.59  1.00000
5746000.  4015.42 10159.74  5486.47    943.0    165.0 10159.74  5486.47  1.00000
5749572.  4010.90 10142.72  5477.35    943.0    165.0 10142.72  5477.35  1.00000
5753143.  4006.38 10125.71  5468.22    943.0    165.0 10125.71  5468.22  1.00000
5756714.  4001.87 10108.70  5459.10    943.0    165.0 10108.70  5459.10  1.00000
5760286.  3997.35 10091.68  5449.97    943.0    165.0 10091.68  5449.97  1.00000
5763857.  3992.84 10074.68  5440.84    943.0    165.0 10074.68  5440.84  1.00000
5767428.  3988.32 10057.68  5431.71    943.0    165.0 10057.68  5431.71  1.00000
5771000.  3983.80 10040.64  5422.57    943.0    165.0 10040.64  5422.57  1.00000
5771000.1  3983.80 10040.67  5422.59    943.0    165.0 10040.67  5422.59  1.00000
5777334.  3975.79 10010.52  5406.39    943.0    165.0 10010.52  5406.39  1.00000
5783666.  3967.77  9980.51  5390.30    943.0    165.0  9980.51  5390.30  1.00000
5790000.  3959.76  9950.64  5374.34    943.0    165.0  9950.64  5374.34  1.00000
5796334.  3951.75  9920.91  5358.52    943.0    165.0  9920.91  5358.52  1.00000
5802666.  3943.73  9891.35  5342.83    943.0    165.0  9891.35  5342.83  1.00000
5809000.  3935.71  9861.96  5327.31    943.0    165.0  9861.96  5327.31  1.00000
5815334.  3927.69  9832.79  5311.92    943.0    165.0  9832.79  5311.92  1.00000
5821666.  3919.67  9803.79  5296.73    943.0    165.0  9803.79  5296.73  1.00000
5828000.  3911.65  9774.98  5281.71    943.0    165.0  9774.98  5281.71  1.00000
5834334.  3903.61  9746.41  5266.86    943.0    165.0  9746.41  5266.86  1.00000
5840666.  3895.58  9718.08  5252.21    943.0    165.0  9718.08  5252.21  1.00000
5847000.  3887.56  9689.96  5237.78    943.0    165.0  9689.96  5237.78  1.00000
5853334.  3879.53  9662.10  5223.55    943.0    165.0  9662.10  5223.55  1.00000
5859666.  3871.50  9634.47  5209.54    943.0    165.0  9634.47  5209.54  1.00000
5866000.  3863.46  9607.11  5195.72    943.0    165.0  9607.11  5195.72  1.00000
5872334.  3855.42  9579.97  5182.10    943.0    165.0  9579.97  5182.10  1.00000
5878666.  3847.38  9553.08  5168.69    943.0    165.0  9553.08  5168.69  1.00000
5885000.  3839.33  9526.38  5155.42    943.0    165.0  9526.38  5155.42  1.00000
5891334.  3831.27  9499.78  5142.22    943.0    165.0  9499.78  5142.22  1.00000
5897666.  3823.22  9473.25  5129.05    943.0    165.0  9473.25  5129.05  1.00000
5904000.  3815.16  9446.74  5115.84    943.0    165.0  9446.74  5115.84  1.00000
5910334.  3807.09  9420.19  5102.55    943.0    165.0  9420.19  5102.55  1.00000
5916666.  3799.01  9393.55  5089.14    943.0    165.0  9393.55  5089.14  1.00000
5923000.  3790.94  9366.75  5075.50    943.0    165.0  9366.75  5075.50  1.00000
5929334.  3782.85  9339.76  5061.63    943.0    165.0  9339.76  5061.63  1.00000
5935666.  3774.78  9312.50  5047.46    943.0    165.0  9312.50  5047.46  1.00000
5942000.  3766.66  9284.96  5032.93    943.0    165.0  9284.96  5032.93  1.00000
5948334.  3758.56  9257.04  5018.03    943.0    165.0  9257.04  5018.03  1.00000
5954666.  3750.45  9228.73  5002.66    943.0    165.0  9228.73  5002.66  1.00000
5961000.  3742.34  9199.94  4986.77    943.0    165.0  9199.94  4986.77  1.00000
5961000.1  3554.91  8940.94  4802.15    943.0    165.0  8940.94  4803.78  1.00000
5967334.  3551.00  8930.61  4798.23    943.0    165.0  8930.61  4800.54  1.00000
5973666.  3547.07  8920.22  4794.28    943.0    165.0  8920.22  4797.28  1.00000
5980000.  3543.16  8909.68  4790.38    943.0    165.0  8909.68  4793.96  1.00000
5986334.  3539.23  8898.47  4785.95    943.0    165.0  8898.47  4790.18  0.99999
5992666.  3535.32  8886.28  4780.83    943.0    165.0  8886.28  4785.78  0.99997
5999000.  3531.39  8873.03  4775.01    943.0    165.0  8873.03  4780.71  0.99995
6005334.  3527.46  8858.58  4768.45    943.0    165.0  8858.58  4775.00  0.99994
6011666.  3523.57  8842.82  4761.12    943.0    165.0  8842.82  4768.58  0.99990
6018000.  3519.67  8825.64  4752.97    943.0    165.0  8825.64  4761.41  0.99986
6024334.  3515.77  8806.94  4744.01    943.0    165.0  8806.94  4753.51  0.99980
6030666.  3511.91  8786.67  4734.25    943.0    165.0  8786.67  4744.86  0.99974
6037000.  3508.06  8764.85  4723.77    943.0    165.0  8764.85  4735.64  0.99966
6043334.  3504.21  8741.49  4712.70    943.0    165.0  8741.49  4725.88  0.99957
6049666.  3500.39  8716.63  4701.12    943.0    165.0  8716.63  4715.76  0.99947
6056000.  3496.58  8690.30  4689.11    943.0    165.0  8690.30  4705.34  0.99934
6062334.  3492.80  8662.50  4676.77    943.0    165.0  8662.50  4694.74  0.99920
6068666.  3489.05  8633.28  4664.20    943.0    165.0  8633.28  4684.08  0.99904
6075000.  3485.32  8602.66  4651.49    943.0    165.0  8602.66  4673.46  0.99886
6081334.  3481.61  8570.81  4638.69    943.0    165.0  8570.81  4662.94  0.99864
6087666.  3477.88  8538.06  4625.88    943.0    165.0  8538.06  4652.61  0.99832
6094000.  3474.16  8504.66  4613.07    943.0    165.0  8504.66  4642.55  0.99790
6100334.  3470.41  8470.92  4600.31    943.0    165.0  8470.92  4632.81  0.99732
6106666.  3466.59  8437.13  4587.67    943.0    165.0  8437.13  4623.51  0.99654
6113000.  3462.74  8403.52  4575.18    943.0    165.0  8403.52  4614.68  0.99553
6119334.  3458.78  8370.42  4562.88    943.0    165.0  8370.42  4606.39  0.99426
6125666.  3454.75  8338.11  4550.85    943.0    165.0  8338.11  4598.73  0.99268
6132000.  3450.61  8306.25  4539.08    943.0    165.0  8307.42  4591.76  0.99075
6138334.  3446.33  8275.42  4527.67    943.0    165.0  8278.36  4585.56  0.98843
6144666.  3441.91  8241.77  4516.65    943.0    165.0  8255.33  4580.21  0.98571
6151000.  3437.35  8207.37  4506.09    943.0    165.0  8236.90  4575.75  0.98255
6151000.1  3437.34  8207.01  4506.00    943.0     70.0  8236.81  4575.74  0.98250
6157087.  3432.81  8174.32  4496.29    943.0     70.0  8222.27  4572.27  0.97907
6163174.  3428.15  8141.99  4487.00    943.0     70.0  8210.47  4569.53  0.97531
6169261.  3423.37  8110.40  4478.17    943.0     70.0  8201.14  4567.46  0.97128
6175348.  3418.47  8079.71  4469.83    943.0     70.0  8193.99  4566.02  0.96704
6181435.  3413.47  8050.15  4462.00    943.0     70.0  8188.67  4565.10  0.96268
6187522.  3408.35  8021.89  4454.69    943.0     70.0  8184.92  4564.66  0.95823
6193609.  3403.15  7995.08  4447.94    943.0     70.0  8182.39  4564.65  0.95378
6199696.  3397.87  7969.97  4441.76    943.0     70.0  8180.79  4564.99  0.94938
6205783.  3392.50  7946.70  4436.18    943.0     70.0  8179.83  4565.62  0.94509
6211870.  3387.07  7925.45  4431.20    943.0     70.0  8179.17  4566.47  0.94098
6217957.  3381.58  7906.44  4426.83    943.0     70.0  8178.54  4567.46  0.93712
6224043.  3376.03  7889.80  4423.12    943.0     70.0  8177.64  4568.58  0.93356
6230130.  3370.45  7875.56  4420.09    943.0     70.0  8176.30  4569.70  0.93034
6236217.  3364.87  7863.64  4417.81    943.0     70.0  8174.55  4570.85  0.92743
6242304.  3359.31  7853.87  4416.30    943.0     70.0  8172.42  4571.91  0.92483
6248391.  3353.79  7846.17  4415.67    943.0     70.0  8169.91  4572.83  0.92251
6254478.  3348.37  7840.38  4415.93    943.0     70.0  8167.05  4573.60  0.92046
6260565.  3343.03  7836.39  4417.15    943.0     70.0  8163.88  4574.16  0.91867
6266652.  3337.85  7834.11  4419.42    943.0     70.0  8160.37  4574.44  0.91711
6272739.  3332.83  7833.38  4422.78    943.0     70.0  8156.58  4574.42  0.91577
6278826.  3328.01  7834.11  4427.25    943.0     70.0  8152.57  4574.04  0.91465
6284913.  3323.39  7836.11  4432.88    943.0     70.0  8148.41  4573.36  0.91371
6291000.  3319.04  7839.12  4439.57    943.0     70.0  8144.20  4572.41  0.91296
6291000.1  3319.03  7839.37  4439.74    943.0    191.0  8144.32  4572.46  0.91294
6294971.  3316.33  7841.82  4444.71    943.0    191.0  8141.60  4571.71  0.91254
6298943.  3313.75  7844.77  4450.28    943.0    191.0  8139.01  4570.93  0.91221
6302914.  3311.30  7848.07  4456.35    943.0    191.0  8136.50  4570.06  0.91193
6306886.  3308.97  7851.72  4462.89    943.0    191.0  8134.11  4569.16  0.91171
6310857.  3306.73  7855.75  4469.94    943.0    191.0  8131.82  4568.21  0.91155
6314829.  3304.58  7860.14  4477.40    943.0    191.0  8129.66  4567.22  0.91142
6318800.  3302.53  7864.89  4485.33    943.0    191.0  8127.60  4566.21  0.91134
6322771.  3300.55  7870.01  4493.69    943.0    191.0  8125.65  4565.16  0.91130
6326743.  3298.63  7875.49  4502.48    943.0    191.0  8123.87  4564.11  0.91129
6330714.  3296.79  7881.33  4511.66    943.0    191.0  8122.23  4563.05  0.91130
6334686.  3295.00  7887.54  4521.24    943.0    191.0  8120.74  4562.00  0.91135
6338657.  3293.25  7894.13  4531.23    943.0    191.0  8119.38  4560.94  0.91140
6342629.  3291.54  7901.10  4541.57    943.0    191.0  8118.22  4559.94  0.91147
6346600.  3289.84  7908.24  4552.08    943.0    191.0  8117.13  4558.94  0.91155
6346600.1  2900.00  6800.00  3900.00  57822.5    300.0  6800.00  3900.00  1.00000
6347540.  2900.00  6800.00  3900.00  57822.5    300.0  6800.00  3900.00  1.00000
6348480.  2900.00  6800.00  3900.00  57822.5    300.0  6800.00  3900.00  1.00000
6349420.  2900.00  6800.00  3900.00  57822.5    300.0  6800.00  3900.00  1.00000
6350360.  2900.00  6800.00  3900.00  57822.5    300.0  6800.00  3900.00  1.00000
6351300.  2900.00  6800.00  3900.00  57822.5    300.0  6800.00  3900.00  1.00000
6352240.  2900.00  6800.00  3900.00  57822.5    300.0  6800.00  3900.00  1.00000
6353180.  2900.00  6800.00  3900.00  57822.5    300.0  6800.00  3900.00  1.00000
6354120.  2900.00  6800.00  3900.00  57822.5    300.0  6800.00  3900.00  1.00000
6355060.  2900.00  6800.00  3900.00  57822.5    300.0  6800.00  3900.00  1.00000
6356000.  2900.00  6800.00  3900.00  57822.5    300.0  6800.00  3900.00  1.00000
6356000.1  2600.00  5800.00  3200.00  57822.5    300.0  5800.00  3200.00  1.00000
6357200.  2600.00  5800.00  3200.00  57822.5    300.0  5800.00  3200.00  1.00000
6358400.  2600.00  5800.00  3200.00  57822.5    300.0  5800.00  3200.00  1.00000
6359600.  2600.00  5800.00  3200.00  57822.5    300.0  5800.00  3200.00  1.00000
6360800.  2600.00  5800.00  3200.00  57822.5    300.0  5800.00  3200.00  1.00000
6362000.  2600.00  5800.00  3200.00  57822.5    300.0  5800.00  3200.00  1.00000
6363200.  2600.00  5800.00  3200.00  57822.5    300.0  5800.00  3200.00  1.00000
6364400.  2600.00  5800.00  3200.00  57822.5    300.0  5800.00  3200.00  1.00000
6365600.  2600.00  5800.00  3200.00  57822.5    300.0  5800.00  3200.00  1.00000
6366800.  2600.00  5800.00  3200.00  57822.5    300.0  5800.00  3200.00  1.00000
6368000.  2600.00  5800.00  3200.00  57822.5    300.0  5800.00  3200.00  1.00000
6368000.1  1020.00  1450.00     0.00  57822.5      0.0  1450.00     0.00  1.00000
6368300.  1020.00  1450.00     0.00  57822.5      0.0  1450.00     0.00  1.00000
6368600.  1020.00  1450.00     0.00  57822.5      0.0  1450.00     0.00  1.00000
6368900.  1020.00  1450.00     0.00  57822.5      0.0  1450.00     0.00  1.00000
6369200.  1020.00  1450.00     0.00  57822.5      0.0  1450.00     0.00  1.00000
6369500.  1020.00  1450.00     0.00  57822.5      0.0  1450.00     0.00  1.00000
6369800.  1020.00  1450.00     0.00  57822.5      0.0  1450.00     0.00  1.00000
6370100.  1020.00  1450.00     0.00  57822.5      0.0  1450.00     0.00  1.00000
6370400.  1020.00  1450.00     0.00  57822.5      0.0  1450.00     0.00  1.00000
6370700.  1020.00  1450.00     0.00  57822.5      0.0  1450.00     0.00  1.00000
6371000.  1020.00  1450.00     0.00  57822.5      0.0  1450.00     0.00  1.00000

