 subvd212   25469.059780881475        3957.8476649386557        8206.6229287863134     
 subvd212   50992.314302230086        3927.4505503639689        8206.0696922041298     
 subvd212   76557.747683804686        3901.7800222669712        8213.5711885193068     
 subvd212   102158.95994295336        3888.4359809649727        8199.3428860262211     
 subvd212   127799.88994703490        3869.8599588346224        8202.1789284676797     
 subvd212   153479.91587118292        3851.1476297820655        8208.7265100029090     
 subvd212   179198.71860370651        3835.2576949290396        8214.2618990362607     
 subvd212   204946.35441909387        3816.4077503989702        8226.3342002189347     
 subvd212   230727.29872482302        3808.8136478357687        8252.0348679859944     
 subvd212   256531.19185955281        3817.5795736825321        8257.1679317947528     
 subvd212   282359.33031619759        3817.2975750005526        8283.6365250790641     
 subvd212   308207.49468307145        3817.6902702159523        8308.1692937194166     
 subvd212   334068.40960794105        3817.6567633153068        8328.2078421595143     
 subvd212   359949.42488373537        3814.3793196341917        8365.7521954650674     
 subvd212   385837.65237247519        3833.9535530519834        8389.6195258089974     
 subvd212   411733.86640169861        3846.9557612220701        8416.1004662386877     
 subvd212   437638.06605278514        3857.5133616229687        8440.0087540779896     
 subvd212   463546.66389864072        3867.9829619873371        8479.0253999299857     
 subvd212   489463.17918809329        3875.6445668071178        8509.8295876765424     
 subvd212   512955.39330595045        3882.9468414161697        8536.0583214284234     
 subvd212   538866.25631231570        3913.5709151570732        8568.5598493576235     
 subvd212   564781.21754370013        3937.4565459566134        8600.1367068803193     
 subvd212   590692.06939164607        3955.0125773142854        8632.9216213346881     
 subvd212   616609.40082079684        3971.3103653494954        8672.0099522328219     
 subvd212   642520.77807676024        3979.6356156988859        8707.2100286158620     
 subvd212   668430.74851634959        4002.1751654387972        8724.6495892658822     
 subvd212   694344.04967434215        4031.7598329417151        8761.6467239191679     
 subvd212   720258.11319267319        4058.3782100916160        8798.7153439363701     
 subvd212   746178.61191786698        4072.2867396505708        8846.4803104880139     
 subvd212   772103.54015655792        4088.5898207778496        8866.2632371766285     
 subvd212   798028.85359762132        4110.6999860362330        8899.3706644366721     
 subvd212   823958.59117364779        4139.0938511923878        8927.6673258138544     
 subvd212   849891.51521405485        4154.5542793548084        8952.1132203729758     
 subvd212   875826.37824450573        4176.9252641921439        8980.0962229822489     
 subvd212   901767.40534018388        4180.9339704315562        9035.1316237976571     
 subvd212   927708.73822260683        4211.5189831410562        9041.3651722679733     
 subvd212   953678.13145389757        4233.6533577568525        9082.6254621596836     
 subvd212   979651.79233696440        4253.4179869429354        9101.0348874595347     
 subvd212   1005198.9362570655        4266.5310924808491        9144.8600418996339     
 subvd212   1031197.2762401062        4290.6770779955659        9159.9428418080515     
 subvd212   1057204.7665777982        4319.1861649357525        9200.1130955230110     
 subvd212   1083232.9650415261        4332.2156821151193        9209.6372868889193     
 subvd212   1109269.7326509550        4372.8328802023461        9263.4773388827871     
 subvd212   1135312.5400362529        4392.1959119428348        9291.0309754372120     
 subvd212   1161376.2803773773        4419.4557733190750        9345.5944308770067     
 subvd212   1187445.7822603281        4429.9964952131459        9362.7399696548400     
 subvd212   1213538.4740837696        4462.8690084136088        9379.8435914015590     
 subvd212   1239660.4809813986        4461.2696358130061        9411.2087537600019     
 subvd212   1265784.2955893215        4487.6904580496566        9426.1651618365195     
 subvd212   1291938.2063018540        4488.0959889969681        9468.2301798098451     
 subvd212   1318097.9094463314        4513.3043622959976        9461.7547894884701     
 subvd212   1344285.5744732786        4527.2043146376882        9497.0999867734281     
 subvd212   1370505.5265553740        4527.0595247826604        9508.3276303143866     
 subvd212   1396756.4073620522        4557.4829202398705        9568.3325037107898     
 subvd212   1423033.4087193708        4547.8741994961119        9562.7297974072990     
 subvd212   1449340.8680757990        4587.4990961876265        9560.5117854850414     
 subvd212   1475709.0515177937        4592.5626242176904        9621.5188144751355     
 subvd212   1500000.0000000000        4599.3982037594296        9642.8331270582185     
 subvd212   1526443.3749958877        4607.6600525393333        9684.3914598870160     
 subvd212   1552930.0186238431        4618.5559917496221        9663.0796179080080     
 subvd212   1579481.5744101903        4669.4999934005400        9716.1063026525790     
 subvd212   1606093.6046240714        4679.1993664113606        9781.2638349118970     
 subvd212   1632727.8638582448        4670.6906112828328        9762.3529774885828     
 subvd212   1659502.9390143447        4739.2543497238767        9882.0602832171244     
 subvd212   1686289.3911507740        4687.5062173924316        9860.3598285502267     
 subvd212   1713098.3026524284        4740.0744702062821        9962.8927796908811     
 subvd212   1740107.2975279784        4730.6832073523829        9946.4134705889173     
 subvd212   1767096.5840099358        4754.8701851851310        9902.2702383201286     
 subvd212   1794325.8631314174        4943.6971207090292        10287.451195429288     
 subvd212   1821779.9521372777        4822.1520997278376        10127.333917280326     
 subvd212   1849121.3737548904        4805.2129499894945        10111.523669116648     
 subvd212   1876649.8751149150        4796.0972189339564        10137.340259263254     
 subvd212   1904092.6094846537        4780.3291892254711        10054.196336142993     
 subvd212   1931731.2797613938        5005.7282566244257        10232.193342518529     
 subvd212   1960133.0199721560        4978.8993842408463        10419.310688998234     
 subvd212   1988049.1800324807        4906.5289234061356        10306.994920887393     
 subvd212   2014168.1482625951        4999.9665685918471        10433.041965886128     
 subvd212   2042292.7162315012        4915.2703979802054        10235.219557310475     
 subvd212   2070371.0874423641        5318.5295828686985        10950.772410123865     
 subvd212   2099008.2604239439        5250.1574851704727        10630.867304918806     
 subvd212   2127646.3366606086        4864.6155154735152        10188.129749700316     
 subvd212   2156150.2523048907        5294.6172859112312        10791.769354093371     
 subvd212   2184959.6225931165        5221.3830721653212        10660.413340422625     
 subvd212   2213769.6230224199        5017.2294853726025        10440.419512344208     
 subvd212   2242579.6234517228        5178.2066301499435        10644.963277086603     
 subvd212   2271231.2807736839        4910.6504054590259        10266.250802970339     
 subvd212   2299974.1303957715        5069.0547050955884        10500.167615152739     
 subvd212   2328784.1308250725        5306.6219995283955        10825.727367928841     
 subvd212   2357560.7621780401        4832.8005947521697        10146.937628578657     
 subvd212   2386350.7961984989        5290.2128306137029        10817.131697214307     
 subvd212   2415160.7966278000        5194.9294194277036        10693.903741946386     
 subvd212   2443970.7970571010        4963.2612841859282        10295.700155402754     
 subvd212   2472780.7974864021        5257.6444053281393        10814.633697143789     
 subvd212   2500000.0000000000        5239.7677927977074        10689.484596476022     
 subvd212   2528810.0004293011        4932.1754426925090        10368.899183966789     
 subvd212   2557620.0008586021        5440.9841933080988        11035.764227331787     
 subvd212   2586430.0012879032        5027.2826093848689        10349.199102934537     
 subvd212   2615240.0017172042        4857.2232186660676        10200.599596490521     
 subvd212   2644050.0021465053        5176.1743546857488        10703.545051192907     
 subvd212   2672860.0025758063        4826.1657703048968        10084.662660037564     
 subvd212   2701670.0030051074        4800.2363451444362        9998.8821813736886     
 subvd212   2730480.0034344085        5187.9641682764814        10658.607006478514     
 subvd212   2759290.0038637095        5153.5275474580858        10578.182400144748     
 subvd212   2788100.0042930106        4769.6178509712972        10034.236942062234     
 subvd212   2816910.0047223116        5181.7728271337755        10573.846529094822     
 subvd212   2845720.0051516122        5135.9980147011365        10475.291528439280     
 subvd212   2874530.0055809133        4976.0977743559151        10174.173301225010     
 subvd212   2903340.0060102143        5053.5842493938189        10449.622200338979     
 subvd212   2932150.0064395154        4882.3262101831106        10174.203785189600     
 subvd212   2960960.0068688164        4925.6677398422744        10227.730179475408     
 subvd212   2989770.0072981175        5078.7567126286358        10383.900182228765     
 subvd212   3017286.0002575805        4908.3868157642773        10191.829319361897     
 subvd212   3046096.0006868816        4750.9062979769596        10001.368679284540     
 subvd212   3074906.0011161827        4959.0303102875387        10320.438340146002     
 subvd212   3103716.0015454837        5062.5539986422882        10333.559199215953     
 subvd212   3132526.0019747848        5056.4033775013231        10298.296213368090     
 subvd212   3161336.0024040858        4877.6922082250412        10216.415978145187     
 subvd212   3190146.0028333869        4893.1045897612594        10104.286552529216     
 subvd212   3218956.0032626879        4796.9259124188320        9915.2527950956974     
 subvd212   3247766.0036919890        4702.0046635546387        9866.1221753345853     
 subvd212   3276576.0041212901        5116.0552729854171        10459.899902763247     
 subvd212   3305386.0045505911        4744.2124911663905        9851.6147662037201     
 subvd212   3334196.0049798922        4817.4418722357805        9903.4099420634939     
 subvd212   3363006.0054091932        4971.5449504132721        10321.748450906656     
 subvd212   3391816.0058384943        4926.8344384953625        10120.089850280810     
 subvd212   3420626.0062677953        4881.6857741527865        9960.1613310187622     
 subvd212   3449338.4335470735        4681.1213997784189        9613.4769059908613     
 subvd212   3478148.4339763746        4767.4843916193640        9934.8593898789914     
 subvd212   3505762.0000858600        4814.5945243054011        9870.0832332049704     
 subvd212   3534333.2551411991        4769.4936528629414        9505.0214438174389     
 subvd212   3562878.3510408918        4684.7640495062906        9857.1703877264972     
 subvd212   3591688.3514701929        4897.9972260229106        10062.632964471797     
 subvd212   3620258.0348924589        4790.4068361988984        9649.1662131941484     
 subvd212   3648559.8674252238        4765.5964552568275        9800.3522143025839     
 subvd212   3677273.0723056565        4683.4158301948100        9767.6439807646075     
 subvd212   3705867.0605893903        4709.3589814893248        9617.1430349559232     
 subvd212   3734259.4541120147        4776.0405825534472        9619.4124809532532     
 subvd212   3762727.5514807780        4788.0371050047788        9629.6233992567577     
 subvd212   3791332.2653716742        4695.8847187774918        9681.8223730181126     
 subvd212   3819857.6362374891        4751.6208892160148        9683.9667419610141     
 subvd212   3848137.2685498311        4705.1544195760944        9469.8363603475555     
 subvd212   3876219.2199616479        4663.7160550598155        9428.1706947178154     
 subvd212   3904833.6252252352        4602.5079189754515        9548.3487572539143     
 subvd212   3933257.4831139068        4766.8499493807531        9554.6136189644276     
 subvd212   3961301.8264707066        4720.1429668723586        9535.0058640745756     
 subvd212   3989600.2216996108        4685.9569822347603        9445.1367158574976     
 subvd212   4017003.5597820496        4580.4778244974113        9476.8402687168891     
 subvd212   4045215.4445657604        4693.3710653564285        9478.6834872108138     
 subvd212   4073756.7137943362        4787.5163074028605        9643.3616350330558     
 subvd212   4101815.9955671942        4707.4233332874437        9441.1372622089602     
 subvd212   4130103.1148825097        4535.3743939568558        9351.6758017259381     
 subvd212   4158649.7287460398        4759.4695893763874        9548.5266864324003     
 subvd212   4186638.0165235470        4798.0931526601935        9515.4050663415401     
 subvd212   4214541.7901797155        4622.4253123490425        9142.7529391933149     
 subvd212   4242290.1313636964        4740.0054290797407        9400.2381321753728     
 subvd212   4270381.4509140374        4668.4160270421480        9378.3925020967035     
 subvd212   4298471.3411771543        4729.1027586141554        9540.8646596887374     
 subvd212   4326487.9901363412        4803.3369510107459        9432.3374322441541     
 subvd212   4354018.2367489319        4697.5434429777142        9143.5664083131578     
 subvd212   4381880.1899223812        4638.4614348308651        9368.7103553878715     
 subvd212   4410680.2266976563        4871.3973931295668        9668.7919508279083     
 subvd212   4438722.0490242634        4713.8110530544845        9457.6270330023435     
 subvd212   4466436.3363791779        4788.6826070171765        9226.5854729884049     
 subvd212   4494256.1660326906        5027.8003086201625        9581.2308144513390     
 subvd212   4520100.5260194736        4768.4822069666825        9788.2650789436739     
 subvd212   4548330.6998794097        4786.3794869993662        9446.4882222050310     
 subvd212   4576313.5778688695        4786.1062545555733        9471.1154250780437     
 subvd212   4604100.8320627576        4802.4284524878849        9289.7335867878191     
 subvd212   4631524.0460932162        4777.2276603032888        9291.3457583590953     
 subvd212   4660198.1813324066        4906.8465000967162        9781.9160079294452     
 subvd212   4688765.9601573925        4886.3024804072393        9629.4026878319983     
 subvd212   4716619.5761965597        4792.4649871536103        9158.5804657309982     
 subvd212   4744239.9121498885        4894.3312046665033        9282.3137855347468     
 subvd212   4772572.4181028428        4972.5700906409365        9394.0127629021445     
 subvd212   4800516.9580683727        4769.3771422971049        9458.4176622156210     
 subvd212   4828836.7889687866        4989.4547834399955        9680.4406210051675     
 subvd212   4856917.5509494962        4984.1210685043397        9662.2231210142236     
 subvd212   4884489.2386065191        5013.2225724619057        9431.8971903607744     
 subvd212   4912806.7079773853        5046.9368568642431        9943.9228246431121     
 subvd212   4941616.7084066859        5358.0839317531590        10170.505030898094     
 subvd212   4969596.9709468577        4896.8920614570889        9584.7702504123899     
 subvd212   4997557.1453620279        5064.7707057067737        9696.7980417427098     
 subvd212   5025651.0912941284        5240.3943019472517        9701.7393921314197     
 subvd212   5053689.3475787938        5243.7251876670471        9639.9180231649607     
 subvd212   5081946.0228269529        5256.4515232396579        10017.186420066773     
 subvd212   5110756.0232562535        5545.0072694774053        10595.485520758393     
 subvd212   5139333.4607794220        5133.5496053007937        9616.6337736201094     
 subvd212   5167940.7176308651        5331.0828422874547        9944.3180367910209     
 subvd212   5196724.1867192397        5422.8759457818251        10518.797503092279     
 subvd212   5225210.2169041568        5267.1214629817805        9889.1399949282040     
 subvd212   5253963.5140427947        5453.1844887953412        10431.799520040882     
 subvd212   5282765.4857862424        5387.4232971110869        10037.825402066241     
 subvd212   5311569.0072803479        5590.8835717893062        10558.844963439693     
 subvd212   5340330.1135384515        5495.8938122693608        10651.331356611399     
 subvd212   5369140.1139677521        5619.1172798448279        10622.953443582010     
 subvd212   5397883.5426627696        5463.1718937481710        9899.5784251563327     
 subvd212   5426693.5430920701        5801.6258291664080        11126.911010056165     
 subvd212   5455503.5435213717        5465.8259090453503        10306.157521168087     
 subvd212   5484313.5439506723        5490.1797578890646        10428.548538885567     
 subvd212   5511524.0001717201        5710.9986714919778        10637.128736547445     
 subvd212   5540334.0006010216        5630.2353873468110        10927.905116974314     
 subvd212   5569144.0010303222        5701.2214494773252        11018.882007654878     
 subvd212   5597954.0014596237        5813.5337772806570        11136.941447248742     
 subvd212   5626764.0018889243        5637.7585652594007        10898.414126030057     
 subvd212   5655574.0023182258        5748.3311413742103        11001.806034240195     
 subvd212   5684384.0027475264        6180.9063290625654        11944.083370933482     
 subvd212   5713194.0031768279        6084.1108505241591        11737.502882397226     
 subvd212   5742004.0036061285        5744.6805759737354        10740.793055732072     
 subvd212   5770812.6456695627        5764.0687681360332        10967.424046171749     
 subvd212   5799622.6460988643        6048.0137087199246        11752.835586012447     
 subvd212   5828432.6465281649        5680.4177285678788        10722.445161159005     
 subvd212   5857242.6469574664        6050.2829501929700        11438.362997428205     
 subvd212   5886052.6473867670        6062.2823772676065        11570.574940807923     
 subvd212   5914862.6478160685        5791.9773212109458        10892.208010417275     
 subvd212   5943672.6482453691        6009.8088441720483        11522.240389893659     
 subvd212   5972482.6486746706        5947.1618866021490        11450.378804595550     
 subvd212   6000000.0000000000        6285.7997232956241        11649.595869056924     
 subvd212   6028810.0004293006        6079.0025356289198        11798.714145802431     
 subvd212   6057620.0008586021        6430.0656647366841        12333.439243748913     
 subvd212   6086430.0012879027        6065.3161640299959        11491.060724593426     
 subvd212   6115240.0017172042        6361.9534627372068        12162.193222747370     
 subvd212   6144050.0021465048        6640.1093464383566        12772.983615096360     
 subvd212   6172860.0025758063        6175.4759051192041        11973.278635628172     
 subvd212   6201670.0030051069        6422.9997703532381        12427.743202535370     
 subvd212   6230480.0034344085        6089.0571459795046        11364.325739887350     
 subvd212   6259290.0038637090        6054.7328284766982        11652.509096240245     
 subvd212   6288100.0042930106        6421.6015725174120        12367.341508586991     
 subvd212   6316910.0047223112        7011.2905800713907        13742.199831074531     
 subvd212   6345720.0051516127        6163.8834504178121        11745.687785000131     
 subvd212   6374530.0055809133        6530.5750899746045        12544.639013599892     
 subvd212   6403340.0060102148        6085.9886319210191        11546.981015675587     
 subvd212   6432150.0064395154        6341.1473989937758        11988.302170373501     
 subvd212   6460960.0068688169        6668.4551164260802        12963.229774923149     
 subvd212   6489770.0072981175        6194.9936183220507        11825.672690922318     
 subvd212   6517286.0002575805        6305.4237939498280        12056.525363518638     
 subvd212   6546096.0006868821        6215.0027961395017        11934.223444720248     
 subvd212   6574906.0011161827        6417.5267908739634        12645.376468846962     
 subvd212   6603716.0015454842        6231.7361498171686        12261.468037390650     
 subvd212   6632526.0019747848        6335.2943672638248        12270.247703974283     
 subvd212   6661336.0024040854        6569.2258367261375        12728.418738199420     
 subvd212   6690146.0028333869        7027.1948079522617        13745.258413597767     
 subvd212   6718956.0032626875        6058.6056322989907        11917.556309834152     
 subvd212   6747766.0036919890        6517.2683544646243        12562.836077991449     
 subvd212   6776576.0041212896        6507.0093711142599        12495.393460870559     
 subvd212   6805386.0045505911        6429.9782000303894        12554.219033412370     
 subvd212   6834196.0049798917        6974.7093310124219        13570.471603678798     
 subvd212   6863006.0054091932        6410.9097803236746        12331.359652126699     
 subvd212   6891816.0058384938        6559.8176787147650        12650.630317267131     
 subvd212   6920626.0062677953        6603.5411094947931        12739.974020498477     
 subvd212   6949436.0066970959        6563.8219430919680        12746.620406831544     
 subvd212   6978246.0071263975        6509.2192057827297        12540.228844452900     
 subvd212   7005762.0000858605        6928.2185050780763        13386.093572062646     
 subvd212   7034572.0005151611        6399.3968839783875        12256.185959006560     
 subvd212   7063382.0009444626        7056.5371424837258        13810.629327958797     
 subvd212   7092192.0013737632        6416.8639525714807        12471.312804250707     
 subvd212   7121002.0018030647        6218.8418535739202        12017.282443831236     
 subvd212   7149812.0022323653        6849.6588036853809        13398.858452214481     
 subvd212   7178622.0026616668        5737.5638190821383        11282.640745078259     
 subvd212   7207432.0030909674        6568.1816808426047        12717.706181160875     
 subvd212   7236242.0035202689        6402.5827866713271        12272.628065890098     
 subvd212   7265052.0039495695        5927.2856838749240        11909.563273137961     
 subvd212   7293862.0043788701        5548.7005029566662        11505.283017086795     
 subvd212   7322672.0048081717        5538.0252029362264        11465.669659885269     
 subvd212   7351265.8588132421        5595.3622295722053        11065.465314880279     
 subvd212   7379498.2276201341        5624.9562892732138        10724.460366709523     
 subvd212   7407280.2082232069        5562.9850556459169        10807.721011130689     
 subvd212   7434582.0356380502        5785.3398424230663        10734.609959599644     
 subvd212   7461442.2393383970        5598.8104933605564        10608.578109665004     
 subvd212   7487818.9375794800        5555.2198825909600        10553.688024817930     
 subvd212   7513137.0105803246        5513.0318579327559        10595.409669590499     
 subvd212   7539243.0391420899        5547.9024920546681        10539.374417766358     
 subvd212   7565282.3689761991        5541.1454806108004        10506.099513132709     
 subvd212   7591150.5258069998        5594.1145098165089        10538.804325417652     
 subvd212   7616899.0981807299        5572.2983458511926        10523.332101982796     
 subvd212   7642514.3818111056        5588.9850325101761        10428.668987870162     
 subvd212   7667989.6612211280        5674.3399309910319        10470.735802935766     
 subvd212   7693352.5858905045        5709.3719717961758        10486.042614724902     
 subvd212   7718617.8698100317        5737.2782364762916        10418.851606024386     
 subvd212   7743711.9059189847        5718.4065629907864        10416.557287884858     
 subvd212   7768644.5882174224        5725.3125037724640        10418.204299415158     
 subvd212   7793507.3400618853        5767.2956505070033        10435.405759069410     
 subvd212   7818286.1493609510        5758.4784393616410        10451.618822101373     
 subvd212   7842960.9699053103        5765.5392659674380        10429.147601745950     
 subvd212   7867540.2388176462        5795.2572006423361        10460.150603061073     
 subvd212   7892071.9949148763        5809.1294924627700        10471.148984894257     
 subvd212   7916522.3625298040        5827.4354828063833        10480.411431991057     
 subvd212   7940899.1088514226        5837.2452213476154        10498.226652338291     
 subvd212   7965209.2272354728        5877.6702785434054        10496.234908956274     
 subvd212   7989446.9553733859        5909.0765988593230        10532.587454671508     
 subvd212   8012097.4234269382        5939.5988341768925        10558.982044521406     
 subvd212   8036247.1638748404        5981.6888801816604        10590.838748889344     
 subvd212   8060339.8751402535        6016.6641528015434        10608.555031605803     
 subvd212   8084367.3883981649        6058.8336884496657        10628.287162008020     
 subvd212   8108331.6062472593        6087.3635669330515        10657.437771895971     
 subvd212   8132239.2404342536        6104.8881627128885        10659.584277581685     
 subvd212   8156086.8326961072        6118.2621894621025        10671.283231748786     
 subvd212   8179886.1778385537        6149.0413685579824        10686.916440488234     
 subvd212   8203630.6055038497        6153.5079689053100        10714.271782039885     
 subvd212   8227333.8945969474        6179.2388489054274        10743.606120322751     
 subvd212   8251004.8865383537        6216.0515374094139        10784.046415808991     
 subvd212   8274638.6380873416        6234.7318694934829        10804.961745279004     
 subvd212   8298211.0507499399        6234.8678220715337        10815.477254689826     
 subvd212   8321732.2037152983        6255.3911292062285        10842.683303036154     
 subvd212   8345208.8967296733        6269.9860065807616        10865.183016494568     
 subvd212   8368641.9978849422        6301.4534845018961        10901.878040816558     
 subvd212   8392016.4140756577        6295.5067340278829        10904.602070446874     
 subvd212   8415329.0460430086        6314.3524156899048        10917.712445679863     
 subvd212   8438591.3794262614        6334.1050094230350        10947.670104230392     
 subvd212   8461807.5543815922        6360.8784108902373        10965.623572491790     
 subvd212   8484977.7614528481        6376.3559809375356        10991.216872850850     
 subvd212   8506935.5339277871        6405.4117766102518        11016.821204676584     
 subvd212   8530023.6455587987        6426.6974363113895        11039.762791421777     
 subvd212   8553065.8941718508        6446.2571993504353        11063.990786628179     
 subvd212   8576056.2646311037        6470.3015991679831        11083.150720673342     
 subvd212   8599000.8264897801        6499.0847199817572        11115.133324103923     
 subvd212   8621905.0196573902        6527.5013826529312        11138.460957939093     
 subvd212   8644767.0590459183        6549.2747702950055        11168.387475041660     
 subvd212   8667587.8290286232        6580.7055298030527        11188.106657386588     
 subvd212   8690371.9242601320        6601.5601481242948        11224.170268441121     
 subvd212   8713123.2608040422        6631.7303174127455        11249.627667029705     
 subvd212   8735832.0506739654        6664.2366319134526        11283.587958925551     
 subvd212   8758509.7289954461        6685.0487564876921        11305.211121749435     
 subvd212   8781149.2800430208        6709.3590997354677        11344.790974193515     
 subvd212   8803754.0714362971        6741.4517720510266        11372.356425704946     
 subvd212   8826329.2348291855        6761.8409452642891        11403.416712847245     
 subvd212   8848870.4011017215        6786.6575693728955        11436.964324630260     
 subvd212   8871368.3956466410        6812.6006452421107        11468.164277767983     
 subvd212   8893826.6112674139        6839.2528147077737        11501.045957164422     
 subvd212   8916245.7701463085        6860.9175453333428        11531.295224367852     
 subvd212   8938629.5225204919        6893.9744492949903        11569.757738046268     
 subvd212   8960976.6130299289        6911.8912076507831        11594.871837293844     
 subvd212   8983290.8937016986        6944.3060232012176        11634.215774473378     
 subvd212   9004455.0296242312        6962.6072148273151        11662.388562786013     
 subvd212   9026706.1477846708        6990.4995402751838        11700.724073199697     
 subvd212   9048921.0330367424        7014.7510123381044        11727.719328109337     
 subvd212   9071097.1140424497        7041.9851999346029        11768.117304418016     
 subvd212   9093235.4185574185        7063.8078835987453        11800.819543614982     
 subvd212   9115338.0099159218        7088.4338717472037        11834.821873944484     
 subvd212   9137402.9852631204        7107.1597666777643        11866.986670416776     
 subvd212   9159433.2208115663        7125.8188344567752        11898.815708430704     
 subvd212   9181422.6783957109        7148.6325054339532        11931.247989458785     
 subvd212   9203376.2490647081        7169.7162123209455        11965.097486987104     
 subvd212   9225296.1451070085        7196.2246673638965        12003.216484782000     
 subvd212   9247178.3491534553        7221.1431080054308        12036.406738075560     
 subvd212   9269024.6812256426        7235.3055260744777        12058.387766004431     
 subvd212   9290837.5913795792        7270.2035918121055        12103.684833564965     
 subvd212   9312624.7308979500        7288.9582420757633        12129.992825418843     
 subvd212   9334383.1209993679        7317.5097921024599        12165.656164140606     
 subvd212   9356112.4549329858        7343.8606048035472        12199.507173492670     
 subvd212   9377815.5995093696        7376.0332329428529        12236.053654298505     
 subvd212   9399493.3464666158        7399.9893041133455        12266.928734190749     
 subvd212   9421142.5437898561        7420.8171321875307        12297.737108480385     
 subvd212   9442759.6495267972        7450.8422007365807        12334.927045733437     
 subvd212   9464344.7253298908        7482.1348723054743        12372.325530808917     
 subvd212   9485901.5760262869        7507.3985975071610        12407.795091242589     
 subvd212   9506450.2652354836        7534.6275227704818        12445.868808462687     
 subvd212   9527930.6002382170        7554.5898219017718        12474.314144119257     
 subvd212   9549375.3728545588        7584.8339545427725        12512.250501676524     
 subvd212   9570789.8730995040        7618.2483379369296        12550.339853756488     
 subvd212   9592172.0319442395        7637.8035593733675        12584.877093298643     
 subvd212   9613525.0242893230        7661.4864978565483        12621.119727253708     
 subvd212   9634850.6427784972        7681.1626361882218        12650.220103058267     
 subvd212   9656143.1746561080        7709.1047570888404        12689.552153804549     
 subvd212   9677409.7376871333        7729.0003163552565        12719.857809349194     
 subvd212   9698646.1080670711        7756.1904980160998        12762.192585524632     
 subvd212   9719857.3705277499        7781.2571018665885        12792.781732792277     
 subvd212   9741039.7270984333        7809.6308236999375        12833.465830735679     
 subvd212   9762191.9902497474        7832.5423289183718        12870.799519362561     
 subvd212   9783311.5588222705        7859.2734492553163        12906.958386353657     
 subvd212   9804398.8504265510        7883.1977915978787        12939.163160484950     
 subvd212   9825451.1047128644        7910.9636565877463        12978.061948292439     
 subvd212   9846476.6504045911        7931.0072224132664        13006.790614925130     
 subvd212   9867473.1675682403        7959.7744254257286        13047.340386485212     
 subvd212   9888440.5590211544        7981.8136679896324        13076.750549858833     
 subvd212   9909373.3863570783        8011.8293652449693        13118.308766475689     
 subvd212   9930270.4881010931        8041.9161597327693        13154.958016170189     
 subvd212   9951132.3166510649        8068.7973576622908        13194.903744916493     
 subvd212   9971960.7902843244        8094.6650819730121        13229.801342904979     
 subvd212   9992745.9263716396        8127.7894129224833        13272.981739596997     
 subvd212   10012450.409990024        8144.6882821898816        13299.560699003219     
 subvd212   10033155.670068754        8181.4192679360413        13344.798621934440     
 subvd212   10053833.872425130        8201.4631664536555        13374.816792206955     
 subvd212   10074460.441680938        8231.5971302402086        13415.385884029001     
 subvd212   10095060.223228866        8246.3605386318923        13444.854185640512     
 subvd212   10115615.787311228        8280.3368067236752        13487.452864587569     
 subvd212   10136149.463975992        8297.3557528519104        13518.246987503097     
 subvd212   10156644.390249263        8320.8961604942051        13559.778611313986     
 subvd212   10177107.741442420        8347.5325241076225        13591.909527864625     
 subvd212   10197539.625580419        8374.0560665870544        13630.909308013604     
 subvd212   10217939.213250484        8394.5235191750671        13664.103148405535     
 subvd212   10238317.572621310        8429.3074119303328        13701.508863175890     
 subvd212   10258658.554757329        8449.5161978679644        13734.542409363936     
 subvd212   10278984.791216724        8474.4815743691397        13772.649216478216     
 subvd212   10299278.110891579        8497.9664620904878        13805.404374161370     
 subvd212   10319549.871592930        8519.5581342304431        13836.144370249667     
 subvd212   10339784.717216158        8549.3111041398206        13875.780027635077     
 subvd212   10359992.705540236        8567.2292518399554        13902.042828949538     
 subvd212   10380166.964849576        8600.1204157146894        13942.724588719855     
 subvd212   10400310.391427064        8611.4356855545047        13966.161081473341     
 subvd212   10420427.043082902        8644.6311196565621        14010.008056499813     
 subvd212   10440503.293094257        8671.4144614168908        14042.280942361547     
 subvd212   10460559.562094880        8687.3095739339169        14069.695064873767     
 subvd212   10480577.399812339        8722.0758391673717        14112.640891750909     
 subvd212   10500000.000000000        8737.7980081248952        14137.566698921892     
 subvd212   10519966.625870191        8770.1540854080267        14180.585611753781     
 subvd212   10539915.122224633        8780.7641814962426        14197.405760164806     
 subvd212   10559861.940175561        8815.2695638131809        14247.127588901300     
 subvd212   10579800.096914681        8847.0422745412779        14283.574515972350     
 subvd212   10599749.774778355        8866.5207191742575        14310.109063153841     
 subvd212   10619690.639371069        8904.2412399225177        14356.611668961817     
 subvd212   10639613.245418012        8914.4102111289176        14374.400791886819     
 subvd212   10659513.908970540        8950.7287977356864        14420.017105132574     
 subvd212   10679383.745738871        8977.0392744487272        14453.562598551518     
 subvd212   10699241.746506955        8992.2230925713393        14480.891460048450     
 subvd212   10719071.739831155        9021.6251140434142        14515.295695244060     
 subvd212   10738882.169597201        9038.1661964028772        14538.470781893286     
 subvd212   10758678.818571424        9073.8183891157514        14583.440989951199     
 subvd212   10778442.952828102        9104.5772904620389        14621.054312077731     
 subvd212   10798230.428094368        9120.2872072604096        14646.547933842274     
 subvd212   10818008.086897226        9152.8821762227035        14686.107602448761     
 subvd212   10837766.946381597        9173.1227031704238        14711.457399283163     
 subvd212   10857502.837341229        9204.3118093593675        14752.898497038896     
 subvd212   10877217.486859689        9233.3446986047584        14789.302464099139     
 subvd212   10896912.113873634        9249.2263239057720        14812.103720125353     
 subvd212   10916586.058982909        9279.3791269405920        14851.707920662540     
 subvd212   10936227.976076826        9313.7815621799928        14889.545921347717     
 subvd212   10955841.984064186        9329.1941912147340        14914.311025243283     
