# This is an exemplary isentrope for an opx mantle composition, exported
# from HeFESTo, for a surface adiabatic temperature of 1600 K. 
#
# POINTS: 1401 
# depth (m), pressure (Pa), temperature (K), density (kg/m^3)
depth             pressure          temperature       density
0 0 1599.9999991731467617 3362.76
5744.54 100000000 1601.7947215755580146 3365.46
9659.71 200000000 1603.5826392553453843 3368.15
13574.9 300000000 1605.3638176068991470 3370.83
17234.1 400000000 1607.1383210168978621 3373.51
20746.8 500000000 1608.9062127322683864 3376.17
24259.5 6e+08 1610.6675549557394334 3378.83
27280.6 7e+08 1612.4224090261116089 3381.48
30281.1 800000000 1614.1708351438419413 3384.12
33281.7 900000000 1615.9128925361785605 3386.75
36282.3 1000000000 1617.6486394619464591 3389.38
39282.9 1100000000 1619.3781331910222434 3392
42288 1.2e+09 1621.1014301027073543 3394.61
45294.6 1300000000 1622.8185856661652906 3397.21
48301.3 1.4e+09 1624.5296545029964363 3399.8
51307.9 1500000000 1626.2346904107650971 3402.39
54314.5 1600000000 1627.9337463189892787 3404.97
57321.1 1.7e+09 1629.6268744150966086 3407.54
60327.9 1800000000 1631.3141260689938008 3410.1
63336.3 1.9e+09 1632.9955517326809513 3412.66
66344.8 2000000000 1634.6712011732809060 3415.21
69353.2 2100000000 1636.3411233822646409 3417.75
72361.6 2200000000 1638.0053666460007662 3420.29
75370 2.3e+09 1639.6639787131523462 3422.81
78378.5 2.4e+09 1641.3170065341414556 3425.33
81385.7 2500000000 1642.9644963711373293 3427.85
84391.5 2600000000 1644.6064938446954784 3430.36
87397.4 2700000000 1646.2430438861097173 3432.86
90403.2 2.8e+09 1647.8741908252513895 3435.35
93409.1 2.9e+09 1649.4999783702662626 3437.84
96414.9 3000000000 1651.1204496236155137 3440.32
99420.7 3100000000 1652.7356471038053769 3442.79
102427 3200000000 1654.3456127180872954 3445.26
105432 3.3e+09 1655.9503878074833665 3447.72
108438 3.4e+09 1657.5500131715173211 3450.17
111444 3500000000 1659.1445290802107593 3452.62
114450 3600000000 1660.7339752708694505 3455.06
117456 3700000000 1662.3183909273934660 3457.5
120463 3.8e+09 1663.8978147126640579 3459.93
123470 3.9e+09 1665.4722848058993350 3462.35
126476 4000000000 1667.0418389165545250 3464.77
129483 4.1e+09 1668.6065142555987677 3467.18
132489 4200000000 1670.1663475582176943 3469.59
135496 4300000000 1671.7213751023555233 3471.99
138503 4400000000 1673.2716326589586515 3474.38
141509 4500000000 1674.8171555920637275 3476.77
144516 4.6e+09 1676.3579788183678829 3479.15
147523 4700000000 1677.8941368236130529 3481.52
150529 4.8e+09 1679.4256636615084517 3483.89
153535 4900000000 1680.9525929750182058 3486.26
156542 5000000000 1682.4749579940371405 3488.62
159548 5.1e+09 1683.9927915351265710 3490.97
162555 5200000000 1685.5061260216571100 3493.32
165561 5.3e+09 1687.0149935311867466 3495.66
168567 5400000000 1688.5194257423013369 3498
171574 5500000000 1690.0194539612646167 3500.33
174580 5.6e+09 1691.5151091394477589 3502.65
177586 5700000000 1693.0064218289014661 3504.98
180593 5.8e+09 1694.4934222430308637 3507.29
183599 5900000000 1695.9761402217836803 3509.6
186605 6000000000 1697.4546052624900767 3511.9
189612 6.1e+09 1698.9288465343263397 3514.2
192618 6200000000 1700.3988929233369163 3516.5
195624 6.3e+09 1701.8647729849383268 3518.79
198631 6400000000 1703.3265149267549532 3521.07
201637 6500000000 1704.7841465987576157 3523.35
204644 6.6e+09 1706.2376955467689186 3525.62
207650 6700000000 1707.6871890420343334 3527.89
210656 6.8e+09 1709.1326540802497220 3530.16
213663 6900000000 1710.5741173564374549 3532.42
216669 7000000000 1712.0116052134403617 3534.67
219675 7.1e+09 1713.4451437861237082 3536.92
222608 7200000000 1714.8747588839373748 3539.17
225533 7.3e+09 1716.3004760635403727 3541.4
228457 7400000000 1717.7223206489584300 3543.64
231381 7500000000 1719.1403176915114273 3545.87
234305 7.6e+09 1720.5544918467712705 3548.1
237229 7700000000 1721.9648675531905155 3550.32
240153 7.8e+09 1723.3714689903799808 3552.53
243078 7900000000 1724.7743200633692595 3554.74
246002 8000000000 1726.1734445190948009 3556.95
248926 8100000000 1727.5688658900419341 3559.15
251850 8.2e+09 1728.9606074158093634 3561.35
254774 8.3e+09 1730.3486920794405250 3563.55
257698 8400000000 1731.7331426781838672 3565.73
260623 8500000000 1733.1139816978006820 3567.92
263547 8600000000 1734.4912314273083211 3570.1
266457 8.7e+09 1735.8649139410488260 3572.27
269355 8800000000 1737.2350510962733097 3574.45
272253 8900000000 1738.6016644474659643 3576.61
275150 9000000000 1739.9647754536752018 3578.78
278048 9100000000 1741.3244053110595360 3580.93
280946 9.2e+09 1742.6805750548187461 3583.09
283843 9300000000 1744.0333054926418299 3585.24
286741 9400000000 1745.3826173027957793 3587.38
289638 9500000000 1746.7285307963293235 3589.53
292536 9.6e+09 1748.0710661378811892 3591.66
295434 9.7e+09 1749.4102432906704507 3593.8
298331 9800000000 1750.7460820578587573 3595.92
301229 9900000000 1752.0786020538937464 3598.05
304127 10000000000 1753.4078227370075638 3600.17
307024 1.01e+10 1754.7337633655040463 3602.29
309922 1.02e+10 1756.0564429737189585 3604.4
312793 10300000000 1757.3758804356639303 3606.51
315664 10400000000 1758.6920944104738282 3608.61
318535 10500000000 1760.0051034737623468 3610.72
321406 1.06e+10 1761.3149259970832645 3612.81
324277 1.07e+10 1762.6215801964376624 3614.91
327147 10800000000 1763.9250840840197725 3616.99
330018 10900000000 1765.2254554833202747 3619.08
332889 11000000000 1766.5227120832353194 3621.16
335760 1.11e+10 1767.8168714076500692 3623.24
338631 1.12e+10 1769.1079508726254517 3625.31
341501 11300000000 1770.3959677079303674 3627.38
344372 11400000000 1771.6809390742582764 3629.45
347243 11500000000 1772.9628818298353963 3631.51
350114 1.16e+10 1774.2418126566205956 3633.57
352985 1.17e+10 1775.5177481274220099 3635.63
355848 11800000000 1776.7907046780671863 3637.68
358693 11900000000 1778.0606985986264590 3639.73
361537 12000000000 1779.3277460231015539 3641.77
364382 1.21e+10 1780.5918630707742523 3643.81
367227 1.22e+10 1781.8530656197094686 3645.85
370072 12300000000 1783.1113694184275573 3647.88
372917 12400000000 1784.3667900828411348 3649.91
375762 12500000000 1785.6193431071012583 3651.94
378607 1.26e+10 1786.8690438256787729 3653.96
381452 1.27e+10 1788.1159074545237218 3655.98
384296 12800000000 1789.3599490854564920 3658
387141 12900000000 1790.6011836643240258 3660.01
389986 13000000000 1791.8396260453828290 3662.02
392831 1.31e+10 1793.0752909000809723 3664.02
395676 1.32e+10 1794.3081927718130828 3666.02
398521 13300000000 1795.5383461215953957 3668.02
401281 13400000000 1796.7657652768973549 3670.02
403951 13500000000 1797.9904644391911006 3672.01
406620 1.36e+10 1799.2124576512715066 3674
409289 1.37e+10 1800.4317589488598514 3675.98
411959 13800000000 1801.6483821998124313 3677.97
414628 13900000000 1802.8623411488429156 3679.94
417298 14000000000 1804.0736494414982189 3681.92
419967 1.41e+10 1805.2823206631512676 3683.89
422636 1.42e+10 1806.4883681812084433 3685.86
425306 14300000000 1807.6918052635619460 3687.83
427975 14400000000 1808.8926451112654377 3689.79
430644 14500000000 1810.0909008081396223 3691.75
433314 1.46e+10 1811.2865853357725427 3693.7
435983 1.47e+10 1812.4797115273363488 3695.66
438653 14800000000 1813.6702921948108269 3697.6
441322 14900000000 1814.8583400135405554 3699.55
443991 15000000000 1816.0438675402781428 3701.49
446661 1.51e+10 1817.2268872640627251 3703.43
449330 1.52e+10 1818.4074115917842391 3705.37
451965 15300000000 1819.5854527992169096 3707.31
454588 15400000000 1820.7610230727227645 3709.24
457211 15500000000 1821.9341344756794570 3711.16
459835 1.56e+10 1823.1047989964818044 3713.09
462458 1.57e+10 1824.2730285250281668 3715.01
465081 15800000000 1825.4388348556722121 3716.93
467705 15900000000 1826.6022297147274003 3718.84
470328 16000000000 1827.7632247307947182 3720.76
472951 1.61e+10 1828.9218314459919839 3722.67
475575 16200000000 1830.0780613116235145 3724.57
478198 16300000000 1831.2319256705861790 3726.48
480821 1.64e+10 1832.3834357905932393 3728.38
483444 16500000000 1833.5326028471122299 3730.28
486068 1.66e+10 1834.6794379394864336 3732.17
488691 16700000000 1835.8239520937379439 3734.06
491314 16800000000 1836.9661562496055467 3735.95
493938 1.69e+10 1838.1060612657183810 3737.84
496561 17000000000 1839.2436779151246355 3739.72
499184 1.71e+10 1840.3790168795674163 3741.6
501777 17200000000 1841.5120887692021370 3743.48
504355 17300000000 1842.6429041052019784 3745.35
506933 1.74e+10 1843.7714733449240612 3747.23
509512 17500000000 1844.8978068620181148 3749.1
512090 17600000000 1846.0219149634397127 3750.96
514668 17700000000 1847.1438079034974180 3752.83
517247 17800000000 1848.2634958414416815 3754.69
519825 1.79e+10 1849.3809888469297675 3756.55
522404 18000000000 1850.4962969265004631 3758.4
524982 18100000000 1851.6094300279830804 3760.25
527560 18200000000 1852.7203980054252952 3762.1
530139 18300000000 1853.8292106398519081 3763.95
532717 1.84e+10 1854.9358776482154099 3765.8
535296 18500000000 1856.0404086826893035 3767.64
537874 18600000000 1857.1428133283070565 3769.48
540452 18700000000 1858.2431010778752807 3771.31
543031 18800000000 1859.3412813744805590 3773.15
545609 1.89e+10 1860.4373636010336668 3774.98
548187 19000000000 1861.5313570611763225 3776.81
550753 19100000000 1862.6232710094725462 3778.63
553288 1.92e+10 1863.7131146283361431 3780.46
555823 19300000000 1864.8008970303033038 3782.28
558359 1.94e+10 1865.8866272770906107 3784.1
560894 19500000000 1866.9703143587319119 3785.91
563429 19600000000 1868.0519672033115057 3787.73
565964 1.97e+10 1869.1315946773379437 3789.54
568500 19800000000 1870.2092055784278273 3791.34
571035 1.99e+10 1871.2848086590345247 3793.15
573570 20000000000 1872.3584126082698731 3794.95
576105 20100000000 1873.4300260541954231 3796.75
578641 2.02e+10 1874.4996575730353925 3798.55
581176 20300000000 1875.5673156713955905 3800.35
583711 2.04e+10 1876.6330087905105302 3802.14
586246 20500000000 1877.6967453246281821 3803.93
588782 20600000000 1878.7585336295985599 3805.72
591317 2.07e+10 1879.8183819380371915 3807.5
593852 20800000000 1880.8762984877369036 3809.29
596387 2.09e+10 1881.9322914467618375 3811.07
598923 21000000000 1882.9863689281476127 3812.85
601444 21100000000 1884.0385390119724889 3814.62
603955 2.12e+10 1885.0888096297553602 3816.4
606466 21300000000 1886.1371887688205788 3818.17
608977 2.14e+10 1887.1836843409871562 3819.94
611488 21500000000 1888.2283041827597572 3821.7
613999 21600000000 1889.2710560983948653 3823.47
616509 2.17e+10 1890.3119478491007612 3825.23
619020 21800000000 1891.3509871575256511 3826.99
621531 2.19e+10 1892.3881816775442530 3828.74
624042 22000000000 1893.4235389889299768 3830.5
626553 22100000000 1894.4570666166512183 3832.25
629064 2.22e+10 1895.4887720511464977 3834
631575 22300000000 1896.5186627345242414 3835.75
634086 2.24e+10 1897.5467460485429001 3837.49
636593 22500000000 1898.5730293406516012 3839.24
639099 22600000000 1899.5975199309466461 3840.98
641604 2.27e+10 1900.6202250781204839 3842.72
644110 22800000000 1901.6411519984119423 3844.45
646615 2.29e+10 1902.6603078636410373 3846.19
649120 23000000000 1903.6776997784772902 3847.92
651626 23100000000 1904.6933348074696823 3849.65
654131 2.32e+10 1905.7072199785998237 3851.37
656636 23300000000 1906.7193622686809249 3853.1
659142 2.34e+10 1907.7297686272424926 3854.82
661647 23500000000 1904.9154639632597537 3860.7
664152 23600000000 1895.1107436020113255 3874.25
666658 2.37e+10 1885.3117046586066863 3887.91
669163 23800000000 1875.5183144710197212 3901.67
671513 2.39e+10 1865.7303998033819425 3915.54
673785 24000000000 1855.9478116360874083 3929.53
676057 24100000000 1846.1704785478423219 3943.63
678328 2.42e+10 1836.3983310388725840 3957.85
680600 24300000000 1826.6313155941559216 3972.19
682872 2.44e+10 1816.8695069196257919 3986.65
685144 24500000000 1807.1126067770983354 4001.23
687416 24600000000 1804.3889824818697889 4007.32
689688 2.47e+10 1805.3014287446881099 4008.97
691959 24800000000 1806.2125106965438590 4010.62
694231 2.49e+10 1807.1222309888182735 4012.26
696503 25000000000 1808.0305944080946574 4013.9
698775 25100000000 1808.9376056852045167 4015.54
701047 2.52e+10 1809.8432695754088400 4017.18
703318 25300000000 1810.7475908019496273 4018.82
705590 2.54e+10 1811.6505740507964219 4020.45
707862 25500000000 1812.5522239816275487 4022.09
710134 25600000000 1813.4525452291222791 4023.72
712406 2.57e+10 1814.3515424014967721 4025.35
714678 25800000000 1815.2492201147003925 4026.98
716949 2.59e+10 1816.1455828921120883 4028.61
719221 26000000000 1817.0406352603233699 4030.23
721490 26100000000 1817.9343817233357186 4031.85
723748 2.62e+10 1818.8268267607679718 4033.48
726006 26300000000 1819.7179748277269482 4035.1
728264 2.64e+10 1820.6078303539675289 4036.72
730522 26500000000 1821.4963977389656975 4038.33
732780 26600000000 1822.3836813757620803 4039.95
735038 2.67e+10 1823.2696856246243442 4041.56
737296 26800000000 1824.1544148225725621 4043.17
739554 2.69e+10 1825.0378732832068636 4044.78
741812 27000000000 1825.9200652972774606 4046.39
744069 27100000000 1826.8009951315739272 4048
746327 2.72e+10 1827.6806670191904232 4049.6
748585 27300000000 1828.5590851959173051 4051.21
750843 2.74e+10 1829.4362538637058151 4052.81
753101 27500000000 1830.3121772012279962 4054.41
755359 27600000000 1831.1868593652920936 4056.01
757617 2.77e+10 1832.0603044909653363 4057.6
759875 27800000000 1832.9325166911789893 4059.2
762133 2.79e+10 1833.8035000690363177 4060.79
764391 28000000000 1834.6732586807318057 4062.39
766649 28100000000 1835.5417965730139258 4063.98
768907 2.82e+10 1836.4091177715465619 4065.57
771163 28300000000 1837.2752262809035528 4067.15
773401 2.84e+10 1838.1401261141986652 4068.74
775638 28500000000 1839.0038212534557260 4070.32
777875 28600000000 1839.8663155847712005 4071.91
780113 2.87e+10 1840.7276130372290481 4073.49
782350 28800000000 1841.5877175145406000 4075.07
784587 2.89e+10 1842.4466328988446548 4076.64
786825 29000000000 1843.3043630527174628 4078.22
789062 29100000000 1844.1609118183960163 4079.8
791299 2.92e+10 1845.0162830188276075 4081.37
793537 29300000000 1845.8704804609981238 4082.94
795774 2.94e+10 1846.7235079267782112 4084.51
798011 29500000000 1847.5753691770253226 4086.08
800249 29600000000 1848.4260679560497920 4087.65
802486 2.97e+10 1849.2756079891039462 4089.21
804723 29800000000 1850.1239929827163451 4090.78
806961 2.99e+10 1850.9712266243977865 4092.34
809198 30000000000 1851.8173125802106824 4093.9
811435 30100000000 1852.6622544988297250 4095.46
813673 3.02e+10 1853.5060560183383132 4097.02
815910 30300000000 1854.3487207531891272 4098.57
818147 3.04e+10 1855.1902522999050689 4100.13
820385 30500000000 1856.0306542369987710 4101.68
822622 30600000000 1856.8699301249091604 4103.23
824859 3.07e+10 1857.7080835065194151 4104.78
827097 30800000000 1858.5451179298272564 4106.33
829334 3.09e+10 1859.3810368767149157 4107.88
831571 31000000000 1860.2158438348794789 4109.43
833809 31100000000 1861.0495422746846543 4110.97
836046 3.12e+10 1861.8821356493460826 4112.51
838283 31300000000 1862.7136273951225576 4114.06
840521 3.14e+10 1863.5440209320395297 4115.6
842758 31500000000 1864.3733196413018049 4117.13
844995 31600000000 1865.2015269141736553 4118.67
847233 3.17e+10 1866.0286461409655203 4120.21
849470 31800000000 1866.8546806782385374 4121.74
851707 3.19e+10 1867.6796338661254140 4123.27
853945 32000000000 1868.5035090285157366 4124.81
856182 32100000000 1869.3263094715746320 4126.34
858419 3.22e+10 1870.1480384872336344 4127.86
860657 3.23e+10 1870.9686993816123959 4129.39
862894 32400000000 1871.7882953828436712 4130.92
865131 32500000000 1872.6068297322503895 4132.44
867369 32600000000 1873.4243056555474141 4133.96
869606 3.27e+10 1874.2407263628813325 4135.49
871834 3.28e+10 1875.0560950501535444 4137.01
874045 32900000000 1875.8704148998176606 4138.52
876256 33000000000 1876.6836890654642502 4140.04
878466 33100000000 1877.4959206936596274 4141.56
880677 3.32e+10 1878.3071129280908735 4143.07
882888 3.33e+10 1879.1172688888329958 4144.59
885099 33400000000 1879.9263916813515607 4146.1
887310 33500000000 1880.7344843960227081 4147.61
889521 33600000000 1881.5415501066577235 4149.12
891732 3.37e+10 1882.3475918767896928 4150.62
893943 3.38e+10 1883.1526127641034236 4152.13
896154 33900000000 1883.9566157944720999 4153.63
898365 34000000000 1884.7596039809882313 4155.14
900576 34100000000 1885.5615803266757666 4156.64
902787 3.42e+10 1886.3625478205744912 4158.14
904998 3.43e+10 1887.1625094375417575 4159.64
907209 34400000000 1887.9614681387804467 4161.14
909420 34500000000 1888.7594268718362400 4162.64
911631 34600000000 1889.5563885510168802 4164.13
913842 34700000000 1890.3523561166518903 4165.62
916053 3.48e+10 1891.1473324785865771 4167.12
918264 34900000000 1891.9413205318551263 4168.61
920475 35000000000 1892.7343231582374301 4170.1
922686 35100000000 1893.5263432261763228 4171.59
924897 35200000000 1894.3173835908439742 4173.07
927108 3.53e+10 1895.1074470962400937 4174.56
929319 35400000000 1895.8965365878134435 4176.05
931530 35500000000 1896.6846548611595153 4177.53
933741 35600000000 1897.4718047174933417 4179.01
935952 35700000000 1898.2579889453834312 4180.49
938163 3.58e+10 1899.0432103205719159 4181.97
940374 35900000000 1899.8274716062603602 4183.45
942585 36000000000 1900.6107755529596943 4184.93
944796 36100000000 1901.3931248970072829 4186.4
947007 36200000000 1902.1745223549924049 4187.88
949218 3.63e+10 1902.9549706529924151 4189.35
951429 36400000000 1903.7344724934951046 4190.82
953639 36500000000 1904.5130305668112669 4192.29
955850 36600000000 1905.2906475511199460 4193.76
958061 36700000000 1906.0673261126962643 4195.23
960272 3.68e+10 1906.8430689057508971 4196.69
962483 36900000000 1907.6178785735419297 4198.16
964694 37000000000 1908.3917577512827393 4199.62
966905 37100000000 1909.1647090515641594 4201.09
969116 37200000000 1909.9367350810557582 4202.55
971324 3.73e+10 1910.7078384347437350 4204.01
973509 37400000000 1911.4780216961776205 4205.47
975695 37500000000 1912.2472874373268041 4206.93
977880 37600000000 1913.0156382190459681 4208.38
980066 37700000000 1913.7830765904859618 4209.84
982252 3.78e+10 1914.5496050838733026 4211.29
984437 37900000000 1915.3152262329722362 4212.74
986623 38000000000 1916.0799425544635142 4214.2
988808 38100000000 1916.8437565557953803 4215.65
990994 38200000000 1917.6066707289760416 4217.09
993180 3.83e+10 1918.3686875575081103 4218.54
995365 3.84e+10 1919.1298095135359745 4219.99
997551 38500000000 1919.8900390595781573 4221.43
999736 38600000000 1920.6493786511814506 4222.88
1.00192e+06 38700000000 1921.4078307243460131 4224.32
1.00411e+06 3.88e+10 1922.1653977057467273 4225.76
1.00629e+06 3.89e+10 1922.9220820139237276 4227.2
1.00848e+06 39000000000 1923.6778860594299658 4228.64
1.01066e+06 39100000000 1924.4328122406309376 4230.08
1.01285e+06 39200000000 1925.1868629453624635 4231.52
1.01504e+06 3.93e+10 1925.9400405513704300 4232.95
1.01722e+06 3.94e+10 1926.6923474296238510 4234.39
1.01941e+06 39500000000 1927.4437859363395091 4235.82
1.02159e+06 39600000000 1928.1943584164059757 4237.25
1.02378e+06 39700000000 1928.9440672059429289 4238.69
1.02596e+06 3.98e+10 1929.6929146311767909 4240.12
1.02815e+06 3.99e+10 1930.4409030089123007 4241.54
1.03033e+06 40000000000 1931.1880346464017748 4242.97
1.03252e+06 40100000000 1931.9343118395961483 4244.4
1.03471e+06 40200000000 1932.6797368721663588 4245.82
1.03689e+06 4.03e+10 1933.4243120078804168 4247.25
1.03908e+06 4.04e+10 1934.1680395367968686 4248.67
1.04126e+06 40500000000 1934.9109217182854081 4250.09
1.04345e+06 40600000000 1935.6529608034306875 4251.51
1.04563e+06 40700000000 1936.3941590334582088 4252.93
1.04782e+06 4.08e+10 1937.1345186403689240 4254.35
1.05001e+06 4.09e+10 1937.8740418469330962 4255.77
1.05219e+06 41000000000 1938.6127308664720204 4257.18
1.05438e+06 41100000000 1939.3505879245601591 4258.6
1.05656e+06 41200000000 1940.0876151980887698 4260.01
1.05875e+06 4.13e+10 1940.8238148650250423 4261.42
1.06093e+06 4.14e+10 1941.5591890999212410 4262.83
1.06312e+06 41500000000 1942.2937400680466453 4264.24
1.0653e+06 41600000000 1943.0274699258807232 4265.65
1.06749e+06 41700000000 1943.7603808209926228 4267.06
1.06968e+06 4.18e+10 1944.4924748920625461 4268.47
1.07185e+06 4.19e+10 1945.2237542645266331 4269.87
1.07401e+06 42000000000 1945.9542210478323341 4271.28
1.07617e+06 42100000000 1946.6838773725080500 4272.68
1.07833e+06 42200000000 1947.4127253437111449 4274.08
1.0805e+06 4.23e+10 1948.1407670583564595 4275.48
1.08266e+06 4.24e+10 1948.8680046043855327 4276.88
1.08482e+06 42500000000 1949.5944400614114329 4278.28
1.08698e+06 42600000000 1950.3200755004224902 4279.68
1.08914e+06 42700000000 1951.0449129842536422 4281.08
1.0913e+06 4.28e+10 1951.7689545771304438 4282.47
1.09346e+06 4.29e+10 1952.4922023206315771 4283.87
1.09562e+06 43000000000 1953.2146582440832390 4285.26
1.09778e+06 43100000000 1953.9363243757120472 4286.65
1.09994e+06 43200000000 1954.6572027350230201 4288.04
1.1021e+06 4.33e+10 1955.3772953339196192 4289.43
1.10427e+06 4.34e+10 1956.0966041756917093 4290.82
1.10643e+06 43500000000 1956.8151312545246583 4292.21
1.10859e+06 43600000000 1957.5328785586000322 4293.6
1.11075e+06 43700000000 1958.2498480631793427 4294.98
1.11291e+06 4.38e+10 1958.9660417450309069 4296.37
1.11507e+06 4.39e+10 1959.6814615689240782 4297.75
1.11723e+06 44000000000 1960.3961094911383043 4299.13
1.11939e+06 44100000000 1961.1099874603448825 4300.51
1.12155e+06 44200000000 1961.8230974173065988 4301.89
1.12371e+06 4.43e+10 1962.5354412966332802 4303.27
1.12588e+06 4.44e+10 1963.2470210228900669 4304.65
1.12804e+06 44500000000 1963.9578385106597125 4306.03
1.1302e+06 44600000000 1964.6678956535683938 4307.4
1.13236e+06 44700000000 1965.3771943746430679 4308.78
1.13452e+06 4.48e+10 1966.0857365705207940 4310.15
1.13668e+06 4.49e+10 1966.7935241300590405 4311.53
1.13884e+06 45000000000 1967.5005589350676019 4312.9
1.141e+06 45100000000 1968.2068428590757776 4314.27
1.14316e+06 45200000000 1968.9123777692248041 4315.64
1.14532e+06 4.53e+10 1969.6171655253283461 4317.01
1.14748e+06 4.54e+10 1970.3212079905158589 4318.37
1.14965e+06 45500000000 1971.0245070345326894 4319.74
1.15181e+06 45600000000 1971.7270644552820613 4321.11
1.15397e+06 45700000000 1972.4288820801525617 4322.47
1.15613e+06 4.58e+10 1973.1299617289857906 4323.83
1.15829e+06 4.59e+10 1973.8303052149196901 4325.2
1.16045e+06 46000000000 1974.5299143440297485 4326.56
1.16261e+06 46100000000 1975.2287909151966687 4327.92
1.16477e+06 46200000000 1975.9269367205401977 4329.28
1.16693e+06 4.63e+10 1976.6243535337064259 4330.64
1.16909e+06 4.64e+10 1977.3210431109655474 4331.99
1.17125e+06 46500000000 1978.0170072616908783 4333.35
1.17339e+06 46600000000 1978.7122477538687235 4334.7
1.17553e+06 46700000000 1979.4067663486159745 4336.06
1.17766e+06 4.68e+10 1980.1005648005518651 4337.41
1.1798e+06 4.69e+10 1980.7936448571683741 4338.76
1.18194e+06 47000000000 1981.4860082594998403 4340.12
1.18407e+06 47100000000 1982.1776567418946797 4341.47
1.18621e+06 47200000000 1982.8685920367688595 4342.81
1.18835e+06 4.73e+10 1983.5588158805205694 4344.16
1.19049e+06 4.74e+10 1984.2483299655195879 4345.51
1.19262e+06 47500000000 1984.9371359981432761 4346.86
1.19476e+06 47600000000 1985.6252356787099416 4348.2
1.1969e+06 47700000000 1986.3126306997337451 4349.55
1.19903e+06 4.78e+10 1986.9993227478739755 4350.89
1.20117e+06 4.79e+10 1987.6853135038390974 4352.23
1.20331e+06 48000000000 1988.3706046415127275 4353.57
1.20544e+06 48100000000 1989.0551978287746806 4354.91
1.20758e+06 48200000000 1989.7390947225374020 4356.25
1.20972e+06 4.83e+10 1990.4222969830968850 4357.59
1.21186e+06 4.84e+10 1991.1048062591696635 4358.93
1.21399e+06 48500000000 1991.7866241949868709 4360.26
1.21613e+06 48600000000 1992.4677524278547480 4361.6
1.21827e+06 48700000000 1993.1481925887073885 4362.93
1.2204e+06 4.88e+10 1993.8279463027554357 4364.27
1.22254e+06 4.89e+10 1994.5070151889751742 4365.6
1.22468e+06 49000000000 1995.1854008601962960 4366.93
1.22681e+06 49100000000 1995.8631049196399090 4368.26
1.22895e+06 49200000000 1996.5401289712738162 4369.59
1.23109e+06 4.93e+10 1997.2164746116593506 4370.92
1.23323e+06 4.94e+10 1997.8921434303140359 4372.25
1.23536e+06 49500000000 1998.5671370107615985 4373.57
1.2375e+06 49600000000 1999.2414569308411956 4374.9
1.23964e+06 49700000000 1999.9151047625136925 4376.22
1.24177e+06 4.98e+10 2000.5880820719362418 4377.55
1.24391e+06 4.99e+10 2001.2604004009299388 4378.87
1.24605e+06 50000000000 2001.9320413131224541 4380.19
1.24819e+06 50100000000 2002.6030163671200626 4381.51
1.25032e+06 50200000000 2003.2733271066206271 4382.83
1.25246e+06 5.03e+10 2003.9429750693966525 4384.15
1.2546e+06 5.04e+10 2004.6119617876054235 4385.47
1.25673e+06 50500000000 2005.2802887878146976 4386.79
1.25887e+06 50600000000 2005.9479575910454514 4388.1
1.26101e+06 50700000000 2006.6149697127766558 4389.42
1.26314e+06 5.08e+10 2007.2813266631019360 4390.73
1.26528e+06 5.09e+10 2007.9470299495433210 4392.04
1.26742e+06 51000000000 2008.6120810766378781 4393.36
1.26956e+06 51100000000 2009.2764815282414474 4394.67
1.27168e+06 51200000000 2009.9402327917396178 4395.98
1.2738e+06 5.13e+10 2010.6033363491592354 4397.29
1.27591e+06 5.14e+10 2011.2657936772009180 4398.6
1.27803e+06 51500000000 2011.9276062472545163 4399.91
1.28014e+06 51600000000 2012.5887755254209424 4401.21
1.28225e+06 51700000000 2013.2493029705763092 4402.52
1.28437e+06 5.18e+10 2013.9091900391952095 4403.82
1.28648e+06 5.19e+10 2014.5684381761282111 4405.13
1.28859e+06 52000000000 2015.2270488278982157 4406.43
1.29071e+06 52100000000 2015.8850234424337486 4407.73
1.29282e+06 52200000000 2016.5423634558535468 4409.03
1.29493e+06 5.23e+10 2017.1990702991693070 4410.33
1.29705e+06 5.24e+10 2017.8551453983025112 4411.63
1.29916e+06 52500000000 2018.5105901745009760 4412.93
1.30127e+06 52600000000 2019.1654060460632536 4414.23
1.30339e+06 52700000000 2019.8195944206156582 4415.53
1.3055e+06 5.28e+10 2020.4731567036942579 4416.82
1.30761e+06 5.29e+10 2021.1260943119589228 4418.12
1.30973e+06 53000000000 2021.7784086257579474 4419.41
1.31184e+06 53100000000 2022.4301010327972108 4420.71
1.31395e+06 53200000000 2023.0811729177673897 4422
1.31607e+06 5.33e+10 2023.7316256605183753 4423.29
1.31818e+06 5.34e+10 2024.3814606352084411 4424.58
1.3203e+06 53500000000 2025.0306792123369632 4425.87
1.32241e+06 53600000000 2025.6792827580452467 4427.16
1.32452e+06 53700000000 2026.3272726330908426 4428.45
1.32664e+06 5.38e+10 2026.9746501903146054 4429.73
1.32875e+06 5.39e+10 2027.6214167699558857 4431.02
1.33086e+06 54000000000 2028.2675737342158300 4432.31
1.33298e+06 54100000000 2028.9131224261175248 4433.59
1.33509e+06 54200000000 2029.5580641840160752 4434.87
1.3372e+06 5.43e+10 2030.2024003394512874 4436.16
1.33932e+06 5.44e+10 2030.8461322238570119 4437.44
1.34143e+06 54500000000 2031.4892611619413856 4438.72
1.34354e+06 54600000000 2032.1317884738029989 4440
1.34566e+06 54700000000 2032.7737154749850106 4441.28
1.34777e+06 5.48e+10 2033.4150434780938212 4442.56
1.34988e+06 5.49e+10 2034.0557737906631246 4443.84
1.352e+06 55000000000 2034.6959077116950994 4445.11
1.35411e+06 55100000000 2035.3354465397073909 4446.39
1.35622e+06 55200000000 2035.9743915684898639 4447.66
1.35834e+06 5.53e+10 2036.6127440838361053 4448.94
1.36045e+06 5.54e+10 2037.2505053694555954 4450.21
1.36257e+06 55500000000 2037.8876767046797340 4451.48
1.36468e+06 55600000000 2038.5242593644786666 4452.75
1.36679e+06 55700000000 2039.1602546194751540 4454.02
1.36891e+06 5.58e+10 2039.7956637418124046 4455.29
1.37102e+06 5.59e+10 2040.4304879941923900 4456.56
1.37311e+06 56000000000 2041.0647286249095487 4457.83
1.3752e+06 56100000000 2041.6983868876247925 4459.1
1.37729e+06 56200000000 2042.3314640319226783 4460.37
1.37938e+06 5.63e+10 2042.9639613022602589 4461.63
1.38147e+06 5.64e+10 2043.5958799389024989 4462.9
1.38356e+06 56500000000 2044.2272211779313693 4464.16
1.38565e+06 56600000000 2044.8579862512699492 4465.42
1.38774e+06 56700000000 2045.4881763867015252 4466.69
1.38983e+06 5.68e+10 2046.1177927984936105 4467.95
1.39192e+06 5.69e+10 2046.7468367063477217 4469.21
1.39401e+06 57000000000 2047.3753093368943610 4470.47
1.3961e+06 57100000000 2048.0032119024795065 4471.73
1.39819e+06 57200000000 2048.6305456115487686 4472.98
1.40028e+06 5.73e+10 2049.2573116685121022 4474.24
1.40237e+06 5.74e+10 2049.8835112737629061 4475.5
1.40446e+06 57500000000 2050.5091456236914382 4476.75
1.40655e+06 57600000000 2051.1342159107107364 4478.01
1.40865e+06 57700000000 2051.7587233231602113 4479.26
1.41074e+06 5.78e+10 2052.3826690519949807 4480.52
1.41283e+06 5.79e+10 2053.0060542843884832 4481.77
1.41492e+06 58000000000 2053.6288801825326118 4483.02
1.41701e+06 58100000000 2054.2511479180852803 4484.27
1.4191e+06 58200000000 2054.8728586588422331 4485.52
1.42119e+06 5.83e+10 2055.4940135687575093 4486.77
1.42328e+06 5.84e+10 2056.1146138079552657 4488.02
1.42537e+06 58500000000 2056.7346605327397810 4489.27
1.42746e+06 58600000000 2057.3541548954062819 4490.51
1.42955e+06 58700000000 2057.9730980442377586 4491.76
1.43164e+06 5.88e+10 2058.5914911227141602 4493
1.43373e+06 5.89e+10 2059.2093352608671921 4494.25
1.43582e+06 59000000000 2059.8266316108765750 4495.49
1.43791e+06 59100000000 2060.4433813075061153 4496.73
1.44e+06 59200000000 2061.0595854818111548 4497.98
1.44209e+06 5.93e+10 2061.6752452611663102 4499.22
1.44418e+06 5.94e+10 2062.2903617692713851 4500.46
1.44627e+06 59500000000 2062.9049361270745067 4501.7
1.44836e+06 59600000000 2063.5189694516443524 4502.94
1.45045e+06 59700000000 2064.1324628539518926 4504.17
1.45254e+06 5.98e+10 2064.7454174430004059 4505.41
1.45463e+06 5.99e+10 2065.3578343307890464 4506.65
1.45672e+06 60000000000 2065.9697146134103605 4507.88
1.45881e+06 60100000000 2066.5810593874648475 4509.12
1.4609e+06 60200000000 2067.1918697472578970 4510.35
1.46299e+06 6.03e+10 2067.8021467835792464 4511.59
1.46508e+06 6.04e+10 2068.4118915827202727 4512.82
1.46717e+06 60500000000 2069.0211052280324111 4514.05
1.46927e+06 60600000000 2069.6297888015265016 4515.28
1.47135e+06 60700000000 2070.2379433802416315 4516.51
1.47342e+06 6.08e+10 2070.8455700377758149 4517.74
1.47549e+06 6.09e+10 2071.4526698451418270 4518.97
1.47755e+06 61000000000 2072.0592438692665382 4520.2
1.47962e+06 61100000000 2072.6652931723137954 4521.42
1.48169e+06 61200000000 2073.2708188141450592 4522.65
1.48376e+06 6.13e+10 2073.8758218518837566 4523.88
1.48582e+06 6.14e+10 2074.4803033389875964 4525.1
1.48789e+06 61500000000 2075.0842643241207952 4526.32
1.48996e+06 61600000000 2075.6877058536297227 4527.55
1.49202e+06 61700000000 2076.2906289705497329 4528.77
1.49409e+06 6.18e+10 2076.8930347146256281 4529.99
1.49616e+06 6.19e+10 2077.4949241223080207 4531.21
1.49823e+06 62000000000 2078.0962982197202109 4532.43
1.50029e+06 62100000000 2078.6971580438130331 4533.65
1.50236e+06 62200000000 2079.2975046216174633 4534.87
1.50443e+06 6.23e+10 2079.8973389764664716 4536.09
1.5065e+06 6.24e+10 2080.4966621302291969 4537.31
1.50856e+06 62500000000 2081.0954751004769605 4538.52
1.51063e+06 62600000000 2081.6937789015846647 4539.74
1.5127e+06 62700000000 2082.2915745447576228 4540.95
1.51476e+06 6.28e+10 2082.8888630380365612 4542.17
1.51683e+06 6.29e+10 2083.4856453863112620 4543.38
1.5189e+06 63000000000 2084.0819225932223162 4544.59
1.52097e+06 63100000000 2084.6776956594312651 4545.81
1.52303e+06 63200000000 2085.2729655774019193 4547.02
1.5251e+06 6.33e+10 2085.8677333378877847 4548.23
1.52717e+06 6.34e+10 2086.4619999298379298 4549.44
1.52924e+06 63500000000 2087.0557663391305141 4550.65
1.5313e+06 63600000000 2087.6490335486046206 4551.85
1.53337e+06 63700000000 2088.2418025380475228 4553.06
1.53544e+06 6.38e+10 2088.8340742842260624 4554.27
1.53751e+06 6.39e+10 2089.4258497608884682 4555.47
1.53957e+06 64000000000 2090.0171299387657200 4556.68
1.54164e+06 6.41e+10 2090.6079157848785144 4557.88
1.54371e+06 64200000000 2091.1982082648369214 4559.09
1.54577e+06 64300000000 2091.7880083405134428 4560.29
1.54784e+06 6.44e+10 2092.3773169708415480 4561.49
1.54991e+06 64500000000 2092.9661351118247694 4562.7
1.55198e+06 6.46e+10 2093.5544637164875894 4563.9
1.55404e+06 64700000000 2094.1423037349964034 4565.1
1.55611e+06 64800000000 2094.7296561145972191 4566.3
1.55818e+06 6.49e+10 2095.3165217996429419 4567.49
1.56025e+06 65000000000 2095.9029017316133832 4568.69
1.56231e+06 6.51e+10 2096.4887968491170795 4569.89
1.56438e+06 65200000000 2097.0742080864515628 4571.09
1.56645e+06 65300000000 2097.6591363777524748 4572.28
1.56852e+06 6.54e+10 2098.2435826535142951 4573.48
1.57058e+06 65500000000 2098.8275478410905635 4574.67
1.57263e+06 6.56e+10 2099.4110328650376687 4575.87
1.57468e+06 65700000000 2099.9940386471098464 4577.06
1.57672e+06 65800000000 2100.5765661062564504 4578.25
1.57876e+06 6.59e+10 2101.1586161586806156 4579.44
1.58081e+06 66000000000 2101.7401897178147010 4580.63
1.58285e+06 6.61e+10 2102.3212876943434821 4581.82
1.5849e+06 66200000000 2102.9019109962100629 4583.01
1.58694e+06 66300000000 2103.4820605286158752 4584.2
1.58899e+06 6.64e+10 2104.0617371940888916 4585.39
1.59103e+06 66500000000 2104.6409418924081365 4586.58
1.59307e+06 6.66e+10 2105.2196755207037313 4587.77
1.59512e+06 66700000000 2105.7979389733341122 4588.95
1.59716e+06 66800000000 2106.3757331422148127 4590.14
1.59921e+06 6.69e+10 2106.9530589169012273 4591.32
1.60125e+06 67000000000 2107.5299171831502463 4592.51
1.6033e+06 6.71e+10 2108.1063088247028645 4593.69
1.60534e+06 67200000000 2108.6822347226752754 4594.87
1.60738e+06 67300000000 2109.2576957555602348 4596.05
1.60943e+06 6.74e+10 2109.8326927992438868 4597.23
1.61147e+06 67500000000 2110.4072267270221346 4598.41
1.61352e+06 6.76e+10 2110.9812984095669890 4599.59
1.61556e+06 67700000000 2111.5549087150698142 4600.77
1.61761e+06 67800000000 2112.1280585078675358 4601.95
1.61965e+06 6.79e+10 2112.7007486519382837 4603.13
1.62169e+06 68000000000 2113.2729800082443035 4604.31
1.62374e+06 6.81e+10 2113.8447534346573775 4605.48
1.62578e+06 68200000000 2114.4160697867641829 4606.66
1.62783e+06 68300000000 2114.9869299175607011 4607.83
1.62987e+06 6.84e+10 2115.5573346775349819 4609.01
1.63192e+06 68500000000 2116.1272849159972793 4610.18
1.63396e+06 6.86e+10 2116.6967814774448016 4611.35
1.636e+06 68700000000 2117.2658252049877774 4612.53
1.63805e+06 68800000000 2117.8344169395277277 4613.7
1.64009e+06 68900000000 2118.4025575180321539 4614.87
1.64214e+06 69000000000 2118.9702477759929025 4616.04
1.64418e+06 6.91e+10 2119.5374885464698309 4617.21
1.64623e+06 69200000000 2120.1042806600994481 4618.38
1.64827e+06 69300000000 2120.6706249451030999 4619.55
1.65031e+06 69400000000 2121.2365222272978826 4620.71
1.65236e+06 69500000000 2121.8019733301021006 4621.88
1.6544e+06 6.96e+10 2122.3669790719804951 4623.05
1.65645e+06 69700000000 2122.9315402717502366 4624.21
1.65849e+06 69800000000 2123.4956577483912952 4625.38
1.66054e+06 69900000000 2124.0593323162052002 4626.54
1.66258e+06 70000000000 2124.6225647870332978 4627.7
1.66462e+06 7.01e+10 2125.1853559705614316 4628.87
1.66667e+06 70200000000 2125.7477066734722939 4630.03
1.66871e+06 70300000000 2126.3096177010320389 4631.19
1.67076e+06 70400000000 2126.8710898556555549 4632.35
1.67278e+06 70500000000 2127.4321239375690311 4633.51
1.6748e+06 7.06e+10 2127.9927207444934538 4634.67
1.67682e+06 70700000000 2128.5528810732998863 4635.83
1.67884e+06 70800000000 2129.1126057215283254 4636.99
1.68086e+06 70900000000 2129.6718954748030228 4638.15
1.68289e+06 71000000000 2130.2307511217131832 4639.3
1.68491e+06 7.11e+10 2130.7891734485851885 4640.46
1.68693e+06 71200000000 2131.3471632395121560 4641.62
1.68895e+06 71300000000 2131.9047212763580319 4642.77
1.69097e+06 71400000000 2132.4618483387594097 4643.93
1.69299e+06 71500000000 2133.0185452041400822 4645.08
1.69501e+06 7.16e+10 2133.5748126491916992 4646.23
1.69703e+06 71700000000 2134.1306514460661674 4647.38
1.69905e+06 71800000000 2134.6860623647530701 4648.54
1.70108e+06 71900000000 2135.2410461710878735 4649.69
1.7031e+06 72000000000 2135.7956036335067438 4650.84
1.70512e+06 7.21e+10 2136.3497355170761693 4651.99
1.70714e+06 72200000000 2136.9034425839672622 4653.14
1.70916e+06 72300000000 2137.4567255942251904 4654.29
1.71118e+06 72400000000 2138.0095853057432578 4655.43
1.7132e+06 72500000000 2138.5620224742633582 4656.58
1.71522e+06 7.26e+10 2139.1140378513514406 4657.73
1.71724e+06 72700000000 2139.6656321907885285 4658.87
1.71926e+06 72800000000 2140.2168062421337709 4660.02
1.72129e+06 72900000000 2140.7675607528512955 4661.16
1.72331e+06 73000000000 2141.3178964682538208 4662.31
1.72533e+06 7.31e+10 2141.8678141313312153 4663.45
1.72735e+06 73200000000 2142.4173144836686333 4664.59
1.72937e+06 73300000000 2142.9663982644510725 4665.74
1.73139e+06 73400000000 2143.5150662107917015 4666.88
1.73341e+06 73500000000 2144.0633190579515031 4668.02
1.73543e+06 7.36e+10 2144.6111575392333179 4669.16
1.73745e+06 73700000000 2145.1585823850678025 4670.3
1.73948e+06 73800000000 2145.7055943243640286 4671.44
1.7415e+06 73900000000 2146.2521940840106254 4672.58
1.74352e+06 74000000000 2146.7983823888871484 4673.71
1.74554e+06 7.41e+10 2147.3441599618568034 4674.85
1.74756e+06 74200000000 2147.8895275238023714 4675.99
1.74958e+06 74300000000 2148.4344857936034714 4677.12
1.7516e+06 74400000000 2148.9790354881693020 4678.26
1.75362e+06 74500000000 2149.5231773219393290 4679.39
1.75564e+06 7.46e+10 2150.0669120079260210 4680.53
1.75767e+06 74700000000 2150.6102402576639179 4681.66
1.75969e+06 74800000000 2151.1531627802519324 4682.8
1.76171e+06 74900000000 2151.6956802828631226 4683.93
1.76373e+06 75000000000 2152.2377934707169516 4685.06
1.76575e+06 7.51e+10 2152.7795030471111204 4686.19
1.76777e+06 75200000000 2153.3208097134156560 4687.32
1.76979e+06 75300000000 2153.8617141690865537 4688.45
1.7718e+06 75400000000 2154.4022171116712343 4689.58
1.7738e+06 75500000000 2154.9423192391759585 4690.71
1.7758e+06 7.56e+10 2155.4820212439826719 4691.84
1.7778e+06 75700000000 2156.0213238165902112 4692.96
1.77979e+06 75800000000 2156.5602276467566298 4694.09
1.78179e+06 75900000000 2157.0987334223777907 4695.22
1.78379e+06 76000000000 2157.6368418294791809 4696.34
1.78579e+06 7.61e+10 2158.1745535522345563 4697.47
1.78778e+06 76200000000 2158.7118692729832219 4698.59
1.78978e+06 76300000000 2159.2487896721358993 4699.72
1.79178e+06 76400000000 2159.7853154283602635 4700.84
1.79378e+06 76500000000 2160.3214472157424098 4701.96
1.79577e+06 7.66e+10 2160.8571857113738588 4703.08
1.79777e+06 76700000000 2161.3925315893961852 4704.21
1.79977e+06 7.68e+10 2161.9274855213652700 4705.33
1.80177e+06 76900000000 2162.4620481770339211 4706.45
1.80376e+06 77000000000 2162.9962202243514184 4707.57
1.80576e+06 7.71e+10 2163.5300023295617393 4708.68
1.80776e+06 77200000000 2164.0633951568684097 4709.8
1.80976e+06 7.73e+10 2164.5963993689597373 4710.92
1.81175e+06 77400000000 2165.1290156266450140 4712.04
1.81375e+06 77500000000 2165.6612445891878451 4713.15
1.81575e+06 7.76e+10 2166.1930869137136142 4714.27
1.81775e+06 77700000000 2166.7245432557124332 4715.39
1.81974e+06 7.78e+10 2167.2556142689441003 4716.5
1.82174e+06 77900000000 2167.7863006054535617 4717.62
1.82374e+06 78000000000 2168.3166029155509023 4718.73
1.82574e+06 7.81e+10 2168.8465218478086172 4719.84
1.82773e+06 78200000000 2169.3760580490816210 4720.95
1.82973e+06 7.83e+10 2169.9052121645072475 4722.07
1.83173e+06 78400000000 2170.4339848375079782 4723.18
1.83373e+06 78500000000 2170.9623767114790098 4724.29
1.83572e+06 7.86e+10 2171.4903884250347801 4725.4
1.83772e+06 78700000000 2172.0180206160721355 4726.51
1.83972e+06 7.88e+10 2172.5452739210722939 4727.62
1.84172e+06 78900000000 2173.0721489749134889 4728.73
1.84371e+06 79000000000 2173.5986464133161462 4729.83
1.84571e+06 7.91e+10 2174.1247668654818881 4730.94
1.84771e+06 79200000000 2174.6505109608297062 4732.05
1.84971e+06 7.93e+10 2175.1758793274502750 4733.15
1.8517e+06 79400000000 2175.7008725917821721 4734.26
1.8537e+06 79500000000 2176.2254913766123536 4735.37
1.8557e+06 7.96e+10 2176.7497363066199796 4736.47
1.8577e+06 79700000000 2177.2736080041195237 4737.57
1.85969e+06 7.98e+10 2177.7971070891840100 4738.68
1.86169e+06 79900000000 2178.3202341802316369 4739.78
1.86369e+06 80000000000 2178.8429898941490137 4740.88
1.86569e+06 8.01e+10 2179.3653748461388204 4741.98
1.86768e+06 80200000000 2179.8873896469531246 4743.08
1.86968e+06 8.03e+10 2180.4090349102730215 4744.18
1.87167e+06 80400000000 2180.9303112481238713 4745.28
1.87364e+06 80500000000 2181.4512192706451970 4746.38
1.87562e+06 8.06e+10 2181.9717595847087068 4747.48
1.87759e+06 80700000000 2182.4919327953648462 4748.58
1.87956e+06 8.08e+10 2183.0117395067995858 4749.68
1.88154e+06 80900000000 2183.5311803216318367 4750.78
1.88351e+06 81000000000 2184.0502558409266385 4751.87
1.88549e+06 8.11e+10 2184.5689666641919757 4752.97
1.88746e+06 81200000000 2185.0873133893928753 4754.06
1.88943e+06 8.13e+10 2185.6052966129582273 4755.16
1.89141e+06 81400000000 2186.1229169302737319 4756.25
1.89338e+06 81500000000 2186.6401749347510304 4757.35
1.89535e+06 8.16e+10 2187.1570712172642743 4758.44
1.89733e+06 81700000000 2187.6736063684570581 4759.53
1.8993e+06 8.18e+10 2188.1897809771139691 4760.62
1.90127e+06 81900000000 2188.7055956305089239 4761.72
1.90325e+06 82000000000 2189.2210509144192656 4762.81
1.90522e+06 8.21e+10 2189.7361474131107570 4763.9
1.90719e+06 82200000000 2190.2508857093712322 4764.99
1.90917e+06 8.23e+10 2190.7652663844896779 4766.08
1.91114e+06 82400000000 2191.2792900182093945 4767.16
1.91311e+06 82500000000 2191.7929571891527303 4768.25
1.91509e+06 8.26e+10 2192.3062684744486432 4769.34
1.91706e+06 82700000000 2192.8192244502210997 4770.43
1.91903e+06 8.28e+10 2193.3318256891434430 4771.51
1.92101e+06 82900000000 2193.8440727635152143 4772.6
1.92298e+06 83000000000 2194.3559662442712579 4773.69
1.92495e+06 8.31e+10 2194.8675067009053237 4774.77
1.92693e+06 83200000000 2195.3786947014673387 4775.86
1.9289e+06 8.33e+10 2195.8895308125679549 4776.94
1.93088e+06 83400000000 2196.4000155995854584 4778.02
1.93285e+06 83500000000 2196.9101496258876978 4779.1
1.93482e+06 8.36e+10 2197.4199334528225336 4780.19
1.9368e+06 83700000000 2197.9293676424758814 4781.27
1.93877e+06 8.38e+10 2198.4384527545071251 4782.35
1.94074e+06 83900000000 2198.9471893460395222 4783.43
1.94272e+06 84000000000 2199.4555779733118470 4784.51
1.94469e+06 8.41e+10 2199.9636191934177987 4785.59
1.94666e+06 84200000000 2200.4713135604324634 4786.67
1.94864e+06 8.43e+10 2200.9786616270453123 4787.75
1.95061e+06 84400000000 2201.4856639445606561 4788.83
1.95258e+06 84500000000 2201.9923210629067398 4789.9
1.95456e+06 8.46e+10 2202.4986335309972674 4790.98
1.95653e+06 84700000000 2203.0046018958878449 4792.06
1.9585e+06 8.48e+10 2203.5102267031002157 4793.13
1.96048e+06 84900000000 2204.0155084970569987 4794.21
1.96245e+06 85000000000 2204.5204478208192995 4795.28
1.96442e+06 8.51e+10 2205.0250452161089925 4796.36
1.9664e+06 85200000000 2205.5293012252072913 4797.43
1.96837e+06 8.53e+10 2206.0332163858429340 4798.5
1.97034e+06 85400000000 2206.5367912349138351 4799.57
1.9723e+06 85500000000 2207.0400263086803534 4800.65
1.97425e+06 8.56e+10 2207.5429221421823058 4801.72
1.9762e+06 85700000000 2208.0454792694254138 4802.79
1.97815e+06 8.58e+10 2208.5476982221553044 4803.86
1.9801e+06 85900000000 2209.0495795313172493 4804.93
1.98205e+06 86000000000 2209.5511237265445743 4806
1.98399e+06 8.61e+10 2210.0523313361650253 4807.07
1.98594e+06 86200000000 2210.5532028872048613 4808.14
1.98789e+06 8.63e+10 2211.0537389053970401 4809.2
1.98984e+06 86400000000 2211.5539399151784892 4810.27
1.99179e+06 86500000000 2212.0538064397060225 4811.34
1.99374e+06 8.66e+10 2212.5533390008449715 4812.4
1.99569e+06 86700000000 2213.0525381183151694 4813.47
1.99764e+06 8.68e+10 2213.5514043117982510 4814.54
1.99958e+06 86900000000 2214.0499381001477559 4815.6
2.00153e+06 87000000000 2214.5481400000157919 4816.67
2.00348e+06 8.71e+10 2215.0460105269844462 4817.73
2.00543e+06 87200000000 2215.5435501953743369 4818.79
2.00738e+06 8.73e+10 2216.0407595182555269 4819.85
2.00933e+06 87400000000 2216.5376390074447954 4820.92
2.01128e+06 87500000000 2217.0341891735215540 4821.98
2.01323e+06 8.76e+10 2217.5304105258128402 4823.04
2.01518e+06 87700000000 2218.0263035723119174 4824.1
2.01712e+06 8.78e+10 2218.5218688180048048 4825.16
2.01907e+06 87900000000 2219.0171067705778114 4826.22
2.02102e+06 88000000000 2219.5120179345008182 4827.28
2.02297e+06 8.81e+10 2220.0066028130227096 4828.34
2.02492e+06 88200000000 2220.5008619081854704 4829.4
2.02687e+06 8.83e+10 2220.9947957208009939 4830.45
2.02882e+06 88400000000 2221.4884047504851878 4831.51
2.03077e+06 88500000000 2221.9816894956406941 4832.57
2.03271e+06 8.86e+10 2222.4746504539912166 4833.62
2.03466e+06 88700000000 2222.9672881205065096 4834.68
2.03661e+06 8.88e+10 2223.4596029919912326 4835.73
2.03856e+06 88900000000 2223.9515955615097482 4836.79
2.04051e+06 89000000000 2224.4432663205357130 4837.84
2.04246e+06 8.91e+10 2224.9346157623313047 4838.9
2.04441e+06 89200000000 2225.4256443744416174 4839.95
2.04636e+06 8.93e+10 2225.9163526455558895 4841
2.0483e+06 89400000000 2226.4067410631910207 4842.05
2.05025e+06 89500000000 2226.8968101136988480 4843.11
2.0522e+06 8.96e+10 2227.3865602822725123 4844.16
2.05415e+06 89700000000 2227.8759920529405463 4845.21
2.0561e+06 8.98e+10 2228.3651059085873385 4846.26
2.05805e+06 89900000000 2228.8539023253556479 4847.31
2.06e+06 90000000000 2229.3423817894304193 4848.36
2.06195e+06 9.01e+10 2229.8305447808502322 4849.4
2.06389e+06 90200000000 2230.3183917802107317 4850.45
2.06584e+06 9.03e+10 2230.8059232966870695 4851.5
2.06779e+06 90400000000 2231.2931397718352855 4852.55
2.06974e+06 90500000000 2231.7800416819795828 4853.59
2.07168e+06 9.06e+10 2232.2666295013154922 4854.64
2.0736e+06 90700000000 2232.7529037028457424 4855.69
2.07553e+06 9.08e+10 2233.2388647584552928 4856.73
2.07745e+06 90900000000 2233.7245131406903056 4857.77
2.07937e+06 91000000000 2234.2098493226981191 4858.82
2.0813e+06 9.11e+10 2234.6948737672814786 4859.86
2.08322e+06 91200000000 2235.1795869415168454 4860.91
2.08514e+06 9.13e+10 2235.6639893113715516 4861.95
2.08707e+06 91400000000 2236.1480813417342688 4862.99
2.08899e+06 91500000000 2236.6318634963804470 4864.03
2.09091e+06 9.16e+10 2237.1153362380164253 4865.07
2.09284e+06 91700000000 2237.5985000282507826 4866.11
2.09476e+06 9.18e+10 2238.0813553276175298 4867.15
2.09668e+06 91900000000 2238.5639025955706529 4868.19
2.09861e+06 92000000000 2239.0461422876296638 4869.23
2.10053e+06 9.21e+10 2239.5280748610771298 4870.27
2.10245e+06 92200000000 2240.0097007754952756 4871.31
2.10438e+06 9.23e+10 2240.4910204863604122 4872.35
2.1063e+06 92400000000 2240.9720344480842869 4873.39
2.10822e+06 92500000000 2241.4527431140231784 4874.42
2.11015e+06 9.26e+10 2241.9331469364751683 4875.46
2.11207e+06 92700000000 2242.4132463666896911 4876.5
2.11399e+06 9.28e+10 2242.8930418548607122 4877.53
2.11592e+06 92900000000 2243.3725338501421902 4878.57
2.11784e+06 93000000000 2243.8517228006426194 4879.6
2.11976e+06 9.31e+10 2244.3306091561285029 4880.63
2.12169e+06 93200000000 2244.8091933611749482 4881.67
2.12361e+06 9.33e+10 2245.2874758591929094 4882.7
2.12553e+06 93400000000 2245.7654570939553196 4883.73
2.12746e+06 93500000000 2246.2431375081991973 4884.77
2.12938e+06 9.36e+10 2246.7205175436452009 4885.8
2.1313e+06 93700000000 2247.1975976409935356 4886.83
2.13323e+06 9.38e+10 2247.6743782399289557 4887.86
2.13515e+06 93900000000 2248.1508597791266766 4888.89
2.13707e+06 94000000000 2248.6270426962523743 4889.92
2.139e+06 9.41e+10 2249.1029274279590027 4890.95
2.14092e+06 94200000000 2249.5785144067963301 4891.98
2.14284e+06 9.43e+10 2250.0538040698043005 4893.01
2.14476e+06 94400000000 2250.5287968527259181 4894.03
2.14669e+06 94500000000 2251.0034931875643451 4895.06
2.14861e+06 9.46e+10 2251.4778935059957803 4896.09
2.15053e+06 94700000000 2251.9519982388683275 4897.11
2.15246e+06 9.48e+10 2252.4258078160473815 4898.14
2.15438e+06 94900000000 2252.8993226664169924 4899.17
2.1563e+06 95000000000 2253.3725432173596346 4900.19
2.15823e+06 9.51e+10 2253.8454698968503180 4901.22
2.16015e+06 95200000000 2254.3181031303251984 4902.24
2.16207e+06 9.53e+10 2254.7904433469948344 4903.26
2.164e+06 95400000000 2255.2624909672613285 4904.29
2.16592e+06 95500000000 2255.7342464131033921 4905.31
2.16784e+06 9.56e+10 2256.2057101063742266 4906.33
2.16977e+06 95700000000 2256.6768824676687473 4907.35
2.17168e+06 9.58e+10 2257.1477639163813365 4908.37
2.17358e+06 95900000000 2257.6183548735170916 4909.4
2.17547e+06 96000000000 2258.0886557548815290 4910.42
2.17737e+06 9.61e+10 2258.5586669787417122 4911.44
2.17927e+06 96200000000 2259.0283889612878738 4912.46
2.18116e+06 9.63e+10 2259.4978221177616433 4913.47
2.18306e+06 96400000000 2259.9669668583442217 4914.49
2.18496e+06 96500000000 2260.4358235999375211 4915.51
2.18685e+06 9.66e+10 2260.9043927560664997 4916.53
2.18875e+06 96700000000 2261.3726747384980627 4917.55
2.19065e+06 9.68e+10 2261.8406699575471066 4918.56
2.19255e+06 96900000000 2262.3083788241856382 4919.58
2.19444e+06 97000000000 2262.7758017468800062 4920.6
2.19634e+06 9.71e+10 2263.2429391337136622 4921.61
2.19824e+06 97200000000 2263.7097913918546510 4922.63
2.20013e+06 9.73e+10 2264.1763589275528830 4923.64
2.20203e+06 97400000000 2264.6426421461537757 4924.65
2.20393e+06 97500000000 2265.1086414550295558 4925.67
2.20582e+06 9.76e+10 2265.5743572555061291 4926.68
2.20772e+06 97700000000 2266.0397899491636053 4927.69
2.20962e+06 9.78e+10 2266.5049399375552639 4928.71
2.21151e+06 97900000000 2266.9698076213417153 4929.72
2.21341e+06 98000000000 2267.4343934002877177 4930.73
2.21531e+06 9.81e+10 2267.8986976732735457 4931.74
2.2172e+06 98200000000 2268.3627208382945355 4932.75
2.2191e+06 9.83e+10 2268.8264632924551734 4933.76
2.221e+06 98400000000 2269.2899254319868305 4934.77
2.22289e+06 98500000000 2269.7531076514824235 4935.78
2.22479e+06 9.86e+10 2270.2160103437890939 4936.79
2.22669e+06 98700000000 2270.6786339039294944 4937.8
2.22858e+06 9.88e+10 2271.1409787259512996 4938.81
2.23048e+06 98900000000 2271.6030452019035693 4939.81
2.23238e+06 99000000000 2272.0648337229727076 4940.82
2.23427e+06 9.91e+10 2272.5263446794779156 4941.83
2.23617e+06 99200000000 2272.9875784608830145 4942.83
2.23807e+06 9.93e+10 2273.4485354557905339 4943.84
2.23996e+06 99400000000 2273.9092160519444406 4944.84
2.24186e+06 99500000000 2274.3696206362433259 4945.85
2.24376e+06 9.96e+10 2274.8297495947317657 4946.85
2.24565e+06 99700000000 2275.2896033143074419 4947.86
2.24755e+06 9.98e+10 2275.7491821795028955 4948.86
2.24945e+06 99900000000 2276.2084865740166606 4949.86
2.25134e+06 100000000000 2276.6675168788356132 4950.86
2.25324e+06 1.001e+11 2277.1262734746110254 4951.87
2.25514e+06 100200000000 2277.5847567420692030 4952.87
2.25703e+06 1.003e+11 2278.0429670611028996 4953.87
2.25893e+06 100400000000 2278.5009048107785929 4954.87
2.26083e+06 100500000000 2278.9585703693351206 4955.87
2.26272e+06 1.006e+11 2279.4159641141859538 4956.87
2.26462e+06 100700000000 2279.8730864219232899 4957.87
2.26652e+06 1.008e+11 2280.3299376673007828 4958.87
2.26841e+06 100900000000 2280.7865182227037621 4959.87
2.27031e+06 101000000000 2281.2428284661446014 4960.87
2.27219e+06 1.011e+11 2281.6988687711759667 4961.86
2.27406e+06 101200000000 2282.1546395105392548 4962.86
2.27593e+06 1.013e+11 2282.6101410538103664 4963.86
2.2778e+06 101400000000 2283.0653737731645379 4964.86
2.27967e+06 101500000000 2283.5203380404273048 4965.85
2.28154e+06 1.016e+11 2283.9750342252295923 4966.85
2.28341e+06 101700000000 2284.4294626964087911 4967.84
2.28527e+06 1.018e+11 2284.8836238220028463 4968.84
2.28714e+06 101900000000 2285.3375179692575330 4969.83
2.28901e+06 102000000000 2285.7911455102994296 4970.83
2.29088e+06 1.021e+11 2286.2445068048295980 4971.82
2.29275e+06 102200000000 2286.6976022175008438 4972.81
2.29462e+06 1.023e+11 2287.1504321121333305 4973.8
2.29649e+06 102400000000 2287.6029968517777888 4974.8
2.29836e+06 102500000000 2288.0552967987009652 4975.79
2.30023e+06 1.026e+11 2288.5073323143933521 4976.78
2.3021e+06 102700000000 2288.9591037611203319 4977.77
2.30397e+06 1.028e+11 2289.4106114994137897 4978.76
2.30583e+06 102900000000 2289.8618558861403471 4979.75
2.3077e+06 103000000000 2290.3128372796022632 4980.74
2.30957e+06 1.031e+11 2290.7635560340072516 4981.73
2.31144e+06 103200000000 2291.2140125066134715 4982.72
2.31331e+06 1.033e+11 2291.6642070569064344 4983.71
2.31518e+06 103400000000 2292.1141400402098043 4984.7
2.31705e+06 103500000000 2292.5638118112906341 4985.68
2.31892e+06 1.036e+11 2293.0132227241711007 4986.67
2.32079e+06 103700000000 2293.4623731321112245 4987.66
2.32266e+06 1.038e+11 2293.9112633876202381 4988.64
2.32453e+06 103900000000 2294.3598938424615881 4989.63
2.3264e+06 104000000000 2294.8082648476552095 4990.62
2.32826e+06 1.041e+11 2295.2563767533501959 4991.6
2.33013e+06 104200000000 2295.7042299083273065 4992.59
2.332e+06 1.043e+11 2296.1518246671189445 4993.57
2.33387e+06 104400000000 2296.5991613727128424 4994.55
2.33574e+06 104500000000 2297.0462403722267481 4995.54
2.33761e+06 1.046e+11 2297.4930620120389904 4996.52
2.33948e+06 104700000000 2297.9396266377971187 4997.5
2.34135e+06 1.048e+11 2298.3859345944206325 4998.49
2.34322e+06 104900000000 2298.8319862261073467 4999.47
2.34509e+06 105000000000 2299.2777818763233881 5000.45
2.34696e+06 1.051e+11 2299.7233218880210188 5001.43
2.34882e+06 105200000000 2300.1686066028164532 5002.41
2.35069e+06 1.053e+11 2300.6136363622235876 5003.39
2.35256e+06 105400000000 2301.0584115037777337 5004.37
2.35443e+06 105500000000 2301.5029323687072065 5005.35
2.3563e+06 1.056e+11 2301.9471992966591642 5006.33
2.35817e+06 105700000000 2302.3912126270479348 5007.31
2.36004e+06 1.058e+11 2302.8349726988117254 5008.28
2.36191e+06 105900000000 2303.2784798492803020 5009.26
2.36378e+06 106000000000 2303.7217344149912606 5010.24
2.36565e+06 1.061e+11 2304.1647367320424564 5011.22
2.36752e+06 106200000000 2304.6074871355649520 5012.19
2.36939e+06 1.063e+11 2305.0499859601627577 5013.17
2.37125e+06 106400000000 2305.4922335394958282 5014.14
2.37309e+06 106500000000 2305.9342302071577251 5015.12
2.37493e+06 1.066e+11 2306.3759763006137291 5016.09
2.37677e+06 106700000000 2306.8174721459045031 5017.07
2.37861e+06 1.068e+11 2307.2587180738346433 5018.04
2.38045e+06 106900000000 2307.6997144144993399 5019.02
2.38229e+06 107000000000 2308.1404614973821481 5019.99
2.38413e+06 1.071e+11 2308.5809596550511742 5020.96
2.38597e+06 107200000000 2309.0212092115607447 5021.94
2.38781e+06 1.073e+11 2309.4612104941775215 5022.91
2.38965e+06 107400000000 2309.9009638294987781 5023.88
2.39149e+06 107500000000 2310.3404695434323912 5024.85
2.39333e+06 1.076e+11 2310.7797279612505008 5025.82
2.39517e+06 107700000000 2311.2187394042089181 5026.79
2.39701e+06 1.078e+11 2311.6575041957557914 5027.76
2.39885e+06 107900000000 2312.0960226633546881 5028.73
2.40069e+06 108000000000 2312.5342951299289780 5029.7
2.40253e+06 1.081e+11 2312.9723219177167266 5030.67
2.40437e+06 108200000000 2313.4101033482838830 5031.64
2.40621e+06 1.083e+11 2313.8476397425470168 5032.61
2.40805e+06 108400000000 2314.2849314207560383 5033.57
2.40989e+06 108500000000 2314.7219787016356349 5034.54
2.41173e+06 1.086e+11 2315.1587819029232378 5035.51
2.41357e+06 108700000000 2315.5953413451202323 5036.47
2.41541e+06 1.088e+11 2316.0316573459035681 5037.44
2.41725e+06 108900000000 2316.4677302279073956 5038.41
2.41909e+06 109000000000 2316.9035603033216830 5039.37
2.42093e+06 1.091e+11 2317.3391478860903590 5040.34
2.42277e+06 109200000000 2317.7744932908658484 5041.3
2.42461e+06 1.093e+11 2318.2095968318999439 5042.27
2.42646e+06 109400000000 2318.6444588227250279 5043.23
2.4283e+06 109500000000 2319.0790795762404741 5044.19
2.43014e+06 1.096e+11 2319.5134594047067367 5045.16
2.43198e+06 109700000000 2319.9475986197426209 5046.12
2.43382e+06 1.098e+11 2320.3814975323430190 5047.08
2.43566e+06 109900000000 2320.8151564528711788 5048.04
2.4375e+06 110000000000 2321.2485756916985338 5049
2.43934e+06 1.101e+11 2321.6817555529769379 5049.96
2.44118e+06 110200000000 2322.1146963496826174 5050.93
2.44302e+06 1.103e+11 2322.5473983898546066 5051.89
2.44486e+06 110400000000 2322.9798619809203046 5052.85
2.4467e+06 110500000000 2323.4120874295967951 5053.81
2.44854e+06 1.106e+11 2323.8440750422305427 5054.76
2.45038e+06 110700000000 2324.2758251243062659 5055.72
2.45222e+06 1.108e+11 2324.7073379807725360 5056.68
2.45406e+06 110900000000 2325.1386139159585582 5057.64
2.4559e+06 111000000000 2325.5696532335869051 5058.6
2.45774e+06 1.111e+11 2326.0004562367685139 5059.55
2.45958e+06 111200000000 2326.4310232290758904 5060.51
2.46142e+06 1.113e+11 2326.8613545137941401 5061.47
2.46326e+06 111400000000 2327.2914503895517555 5062.42
2.4651e+06 111500000000 2327.7213111564374231 5063.38
2.46694e+06 1.116e+11 2328.1509371143311000 5064.33
2.46878e+06 111700000000 2328.5803285630877326 5065.29
2.47062e+06 1.118e+11 2329.0094858014617785 5066.24
2.47244e+06 111900000000 2329.4384091276083382 5067.2
2.47424e+06 112000000000 2329.8670988390904313 5068.15
2.47605e+06 1.121e+11 2330.2955552328730846 5069.1
2.47786e+06 112200000000 2330.7237786053310629 5070.06
2.47967e+06 1.123e+11 2331.1517692522502330 5071.01
2.48148e+06 112400000000 2331.5795274680499460 5071.96
2.48329e+06 112500000000 2332.0070535468398703 5072.91
2.4851e+06 1.126e+11 2332.4343477840307060 5073.87
2.48691e+06 112700000000 2332.8614104731541374 5074.82
2.48872e+06 1.128e+11 2333.2882419071447657 5075.77
2.49053e+06 112900000000 2333.7148423783673934 5076.72
2.49234e+06 113000000000 2334.1412121782623217 5077.67
2.49415e+06 1.131e+11 2334.5673515977846364 5078.62
2.49596e+06 113200000000 2334.9932609281740952 5079.57
2.49777e+06 1.133e+11 2335.4189404595076667 5080.52
2.49958e+06 113400000000 2335.8443904812761502 5081.46
2.50139e+06 113500000000 2336.2696112824178272 5082.41
2.5032e+06 1.136e+11 2336.6946031519523785 5083.36
2.50501e+06 113700000000 2337.1193663783205920 5084.31
2.50682e+06 1.138e+11 2337.5439012472934337 5085.25
2.50863e+06 113900000000 2337.9682080454313109 5086.2
2.51044e+06 114000000000 2338.3922870587448415 5087.15
2.51225e+06 1.141e+11 2338.8161385726716617 5088.09
2.51406e+06 114200000000 2339.2397628720905232 5089.04
2.51587e+06 1.143e+11 2339.6631602413226574 5089.98
2.51768e+06 114400000000 2340.0863309641272281 5090.93
2.51949e+06 114500000000 2340.5092753240469392 5091.87
2.5213e+06 1.146e+11 2340.9319936057827363 5092.82
2.52311e+06 114700000000 2341.3544860889533084 5093.76
2.52492e+06 1.148e+11 2341.7767530540954795 5094.7
2.52673e+06 114900000000 2342.1987947806692318 5095.65
2.52854e+06 115000000000 2342.6206115516588397 5096.59
2.53035e+06 1.151e+11 2343.0422036470317835 5097.53
2.53215e+06 115200000000 2343.4635713462062085 5098.47
2.53396e+06 1.153e+11 2343.8847149280582016 5099.41
2.53577e+06 115400000000 2344.3056346709199715 5100.36
2.53758e+06 115500000000 2344.7263308525771208 5101.3
2.53939e+06 1.156e+11 2345.1468037502786501 5102.24
2.5412e+06 115700000000 2345.5670536407328655 5103.18
2.54301e+06 1.158e+11 2345.9870808001119258 5104.12
2.54482e+06 115900000000 2346.4068855040436574 5105.06
2.54663e+06 116000000000 2346.8264680290876640 5105.99
2.54844e+06 1.161e+11 2347.2458286484870769 5106.93
2.55025e+06 116200000000 2347.6649676353194991 5107.87
2.55206e+06 1.163e+11 2348.0838852636597949 5108.81
2.55387e+06 116400000000 2348.5025818063982115 5109.75
2.55568e+06 116500000000 2348.9210575358947608 5110.68
2.55749e+06 1.166e+11 2349.3393127239846763 5111.62
2.5593e+06 116700000000 2349.7573476419793224 5112.56
2.56111e+06 1.168e+11 2350.1751625606611924 5113.49
2.56292e+06 116900000000 2350.5927577502952772 5114.43
2.56473e+06 117000000000 2351.0101334806226987 5115.36
2.56654e+06 1.171e+11 2351.4272900208679857 5116.3
2.56835e+06 117200000000 2351.8442276394775945 5117.23
2.57016e+06 1.173e+11 2352.2609466042240456 5118.17
2.57195e+06 117400000000 2352.6774471835033182 5119.1
2.57373e+06 117500000000 2353.0937296445081301 5120.03
2.57551e+06 1.176e+11 2353.5097942543766294 5120.97
2.57728e+06 117700000000 2353.9256412801337319 5121.9
2.57906e+06 1.178e+11 2354.3412709860776886 5122.83
2.58084e+06 117900000000 2354.7566836373148362 5123.77
2.58262e+06 118000000000 2355.1718794984508349 5124.7
2.58439e+06 1.181e+11 2355.5868588335788445 5125.63
2.58617e+06 118200000000 2356.0016219062913478 5126.56
2.58795e+06 1.183e+11 2356.4161689796769679 5127.49
2.58973e+06 118400000000 2356.8305003160739943 5128.42
2.59151e+06 118500000000 2357.2446161754160130 5129.35
2.59328e+06 1.186e+11 2357.6585168218057333 5130.28
2.59506e+06 118700000000 2358.0722025164313891 5131.21
2.59684e+06 1.188e+11 2358.4856735199905415 5132.14
2.59862e+06 118900000000 2358.8989300926859869 5133.07
2.60039e+06 119000000000 2359.3119724936204875 5133.99
2.60217e+06 1.191e+11 2359.7248009832005664 5134.92
2.60395e+06 119200000000 2360.1374158184703447 5135.85
2.60573e+06 1.193e+11 2360.5498172581019389 5136.78
2.6075e+06 119400000000 2360.9620055605387279 5137.7
2.60928e+06 119500000000 2361.3739809830740342 5138.63
2.61106e+06 1.196e+11 2361.7857437825127818 5139.56
2.61284e+06 119700000000 2362.1972942190004687 5140.48
2.61461e+06 1.198e+11 2362.6086325450987715 5141.41
2.61639e+06 119900000000 2363.0197590152624798 5142.33
2.61817e+06 120000000000 2363.4306738841792139 5143.26
2.61995e+06 1.201e+11 2363.8413774060568358 5144.18
2.62173e+06 120200000000 2364.2518698346234487 5145.11
2.6235e+06 1.203e+11 2364.6621514231292167 5146.03
2.62528e+06 120400000000 2365.0722224243463643 5146.95
2.62706e+06 120500000000 2365.4820830905796356 5147.87
2.62884e+06 1.206e+11 2365.8917336736471952 5148.8
2.63061e+06 120700000000 2366.3011744249024559 5149.72
2.63239e+06 1.208e+11 2366.7104055966847227 5150.64
2.63417e+06 120900000000 2367.1194274357653740 5151.56
2.63595e+06 121000000000 2367.5282401921826931 5152.48
2.63772e+06 1.211e+11 2367.9368441176411579 5153.41
2.6395e+06 121200000000 2368.3452394628538968 5154.33
2.64128e+06 1.213e+11 2368.7534264733544660 5155.25
2.64306e+06 121400000000 2369.1614053989155764 5156.17
2.64483e+06 121500000000 2369.5691764872854037 5157.09
2.64661e+06 1.216e+11 2369.9767399857446435 5158
2.64839e+06 121700000000 2370.3840961411142416 5158.92
2.65017e+06 1.218e+11 2370.7912451997531207 5159.84
2.65195e+06 121900000000 2371.1981874075586347 5160.76
2.65372e+06 122000000000 2371.6049230099783927 5161.68
2.6555e+06 1.221e+11 2372.0114522525445864 5162.6
2.65728e+06 122200000000 2372.4177753821932129 5163.51
2.65906e+06 1.223e+11 2372.8238926398744297 5164.43
2.66083e+06 122400000000 2373.2298042682809864 5165.35
2.66261e+06 122500000000 2373.6355105112193087 5166.26
2.66439e+06 1.226e+11 2374.0410116113321237 5167.18
2.66617e+06 122700000000 2374.4463078107764886 5168.09
2.66794e+06 1.228e+11 2374.8513993512474372 5169.01
2.66972e+06 122900000000 2375.2562864740098121 5169.92
2.67149e+06 123000000000 2375.6609694198668876 5170.84
2.67324e+06 1.231e+11 2376.0654484291912922 5171.75
2.67499e+06 123200000000 2376.4697237418972691 5172.66
2.67674e+06 1.233e+11 2376.8737955974661418 5173.58
2.67849e+06 123400000000 2377.2776642324520253 5174.49
2.68024e+06 123500000000 2377.6813298870342805 5175.4
2.68199e+06 1.236e+11 2378.0847928005086942 5176.32
2.68373e+06 123700000000 2378.4880532107222280 5177.23
2.68548e+06 1.238e+11 2378.8911113550889240 5178.14
2.68723e+06 123900000000 2379.2939674705894504 5179.05
2.68898e+06 124000000000 2379.6966217937633701 5179.96
2.69073e+06 1.241e+11 2380.0990745607182362 5180.87
2.69248e+06 124200000000 2380.5013260071286822 5181.78
2.69423e+06 1.243e+11 2380.9033763682364224 5182.69
2.69598e+06 124400000000 2381.3052258788516156 5183.6
2.69773e+06 124500000000 2381.7068747733560485 5184.51
2.69948e+06 1.246e+11 2382.1083232865121317 5185.42
2.70123e+06 124700000000 2382.5095716540436115 5186.33
2.70297e+06 1.248e+11 2382.9106201058521037 5187.24
2.70472e+06 124900000000 2383.3114688744617524 5188.15
2.70647e+06 125000000000 2383.7121181919678747 5189.05
2.70822e+06 1.251e+11 2384.1125682900501488 5189.96
2.70997e+06 125200000000 2384.5128193999612449 5190.87
2.71172e+06 1.253e+11 2384.9128717525345564 5191.78
2.71347e+06 125400000000 2385.3127255781832901 5192.68
2.71522e+06 125500000000 2385.7123811069000112 5193.59
2.71697e+06 1.256e+11 2386.1118385682616463 5194.49
2.71872e+06 125700000000 2386.5110981914290278 5195.4
2.72046e+06 1.258e+11 2386.9101602051418922 5196.3
2.72221e+06 125900000000 2387.3090248355761105 5197.21
2.72396e+06 126000000000 2387.7076923116592297 5198.11
2.72571e+06 1.261e+11 2388.1061628622519493 5199.02
2.72746e+06 126200000000 2388.5044367145628712 5199.92
2.72921e+06 1.263e+11 2388.9025140953990558 5200.83
2.73096e+06 126400000000 2389.3003952311651119 5201.73
2.73271e+06 126500000000 2389.6980803478327289 5202.63
2.73446e+06 1.266e+11 2390.0955696709875156 5203.53
2.73621e+06 126700000000 2390.4928634257980775 5204.44
2.73795e+06 1.268e+11 2390.8899618370319331 5205.34
2.7397e+06 126900000000 2391.2868651290459638 5206.24
2.74145e+06 127000000000 2391.6835735257909619 5207.14
2.74318e+06 1.271e+11 2392.0800872508298198 5208.04
2.74491e+06 127200000000 2392.4764065287226913 5208.94
2.74664e+06 1.273e+11 2392.8725315847536876 5209.84
2.74837e+06 127400000000 2393.2684626352615851 5210.74
2.75011e+06 127500000000 2393.6641999038711219 5211.64
2.75184e+06 1.276e+11 2394.0597436120169732 5212.54
2.75357e+06 127700000000 2394.4550939807199939 5213.44
2.7553e+06 1.278e+11 2394.8502512306172321 5214.34
2.75703e+06 127900000000 2395.2452155819482869 5215.24
2.75876e+06 128000000000 2395.6399872545484868 5216.13
2.7605e+06 128100000000 2396.0345664678761750 5217.03
2.76223e+06 1.282e+11 2396.4289534409886073 5217.93
2.76396e+06 1.283e+11 2396.8231483925501379 5218.83
2.76569e+06 128400000000 2397.2171515398504198 5219.72
2.76742e+06 128500000000 2397.6109630995206317 5220.62
2.76915e+06 128600000000 2398.0045832914674975 5221.52
2.77088e+06 1.287e+11 2398.3980123329306480 5222.41
2.77259e+06 1.288e+11 2398.7912504407499910 5223.31
2.7743e+06 128900000000 2399.1842978298368507 5224.2
2.77601e+06 129000000000 2399.5771547178328547 5225.1
2.77772e+06 129100000000 2399.9698213188835325 5225.99
2.77943e+06 1.292e+11 2400.3622978515363684 5226.88
2.78113e+06 1.293e+11 2400.7545845291542719 5227.78
2.78284e+06 129400000000 2401.1466815663115995 5228.67
2.78455e+06 129500000000 2401.5385891772098148 5229.57
2.78626e+06 129600000000 2401.9303075756670296 5230.46
2.78796e+06 1.297e+11 2402.3218369770770551 5231.35
2.78967e+06 1.298e+11 2402.7131775941720662 5232.24
2.79138e+06 129900000000 2403.1043296411799020 5233.13
2.79309e+06 130000000000 2403.4952933235354067 5234.03
2.7948e+06 130100000000 2403.8860688564168413 5234.92
2.7965e+06 1.302e+11 2404.2766564512471632 5235.81
2.79821e+06 1.303e+11 2404.6670563190909888 5236.7
2.79992e+06 130400000000 2405.0572686706304921 5237.59
2.80163e+06 130500000000 2405.4472937167975033 5238.48
2.80334e+06 130600000000 2405.8371316662369281 5239.37
2.80504e+06 1.307e+11 2406.2267827307587140 5240.26
2.80675e+06 1.308e+11 2406.6162471179359272 5241.15
2.80846e+06 130900000000 2407.0055250365694519 5242.04
2.81017e+06 131000000000 2407.3946166928822095 5242.93
2.81187e+06 131100000000 2407.7835222963030901 5243.81
2.81358e+06 1.312e+11 2408.1722420556097859 5244.7
2.81529e+06 1.313e+11 2408.5607761782621310 5245.59
2.817e+06 131400000000 2408.9491248713588902 5246.48
2.81871e+06 131500000000 2409.3372883416359400 5247.36
2.82041e+06 131600000000 2409.7252667953616765 5248.25
2.82212e+06 1.317e+11 2410.1130604388617940 5249.14
2.82383e+06 1.318e+11 2410.5006694774833704 5250.02
2.82554e+06 131900000000 2410.8880941166153207 5250.91
2.82725e+06 132000000000 2411.2753345611995428 5251.79
2.82895e+06 132100000000 2411.6623910158164108 5252.68
2.83066e+06 1.322e+11 2412.0492636841722742 5253.56
2.83237e+06 1.323e+11 2412.4359527722635903 5254.45
2.83408e+06 132400000000 2412.8224584824024532 5255.33
2.83579e+06 132500000000 2413.2087810172274658 5256.22
2.83749e+06 132600000000 2413.5949205794772752 5257.1
2.8392e+06 1.327e+11 2413.9808773715399184 5257.98
2.84091e+06 1.328e+11 2414.3666515954528222 5258.87
2.84262e+06 132900000000 2414.7522434528978010 5259.75
2.84432e+06 133000000000 2415.1376531452165182 5260.63
2.84603e+06 133100000000 2415.5228808733922961 5261.51
2.84774e+06 1.332e+11 2415.9079268380692156 5262.39
2.84945e+06 1.333e+11 2416.2927912395380190 5263.28
2.85116e+06 133400000000 2416.6774742777465690 5264.16
2.85286e+06 133500000000 2417.0619761522993940 5265.04
2.85457e+06 133600000000 2417.4462970608906289 5265.92
2.85628e+06 1.337e+11 2417.8304372037468966 5266.8
2.85799e+06 1.338e+11 2418.2143967798097037 5267.68
2.8597e+06 133900000000 2418.5981759867645451 5268.56
2.8614e+06 134000000000 2418.9817750230472484 5269.44
2.86311e+06 134100000000 2419.3651940864219796 5270.32
2.86482e+06 1.342e+11 2419.7484333674105983 5271.19
2.86653e+06 1.343e+11 2420.1314930820476548 5272.07
2.86823e+06 134400000000 2420.5143734103066890 5272.95
2.86994e+06 134500000000 2420.8970745515548515 5273.83
2.87164e+06 134600000000 2421.2795967029533131 5274.71
2.87332e+06 1.347e+11 2421.6619400601016423 5275.58
2.875e+06 1.348e+11 2422.0441048182647137 5276.46
2.87669e+06 134900000000 2422.4260911738429058 5277.34
2.87837e+06 135000000000 2422.8078993202648235 5278.21
2.88005e+06 135100000000 2423.1895294513728913 5279.09
2.88173e+06 1.352e+11 2423.5709817610354548 5279.96
2.88342e+06 1.353e+11 2423.9522564427829820 5280.84
2.8851e+06 135400000000 2424.3333536738009570 5281.72
2.88678e+06 135500000000 2424.7142736950322615 5282.59
2.88846e+06 135600000000 2425.0950166527436522 5283.46
2.89014e+06 1.357e+11 2425.4755827537883306 5284.34
2.89183e+06 1.358e+11 2425.8559721895730945 5285.21
2.89351e+06 135900000000 2426.2361851516116076 5286.09
2.89519e+06 136000000000 2426.6162218311210381 5286.96
2.89687e+06 136100000000 2426.9960824189492996 5287.83
2.89855e+06 1.362e+11 2427.3757671040975765 5288.71
2.90024e+06 1.363e+11 2427.7552760777466574 5289.58
2.90192e+06 136400000000 2428.1346095305184463 5290.45
2.9036e+06 136500000000 2428.5137676520698733 5291.32
2.90528e+06 136600000000 2428.8927506317299958 5292.19
2.90696e+06 1.367e+11 2429.2715586585095480 5293.06
2.90865e+06 1.368e+11 2429.6501919211045788 5293.94
2.91033e+06 136900000000 2430.0286506078841740 5294.81
2.91201e+06 137000000000 2430.4069349069040982 5295.68
2.91369e+06 137100000000 2430.7850450058972456 5296.55
2.91538e+06 1.372e+11 2431.1629810939143681 5297.42
2.91706e+06 1.373e+11 2431.5407433533673611 5298.29
2.91874e+06 137400000000 2431.9183319733842836 5299.15
2.92042e+06 137500000000 2432.2957471430045189 5300.02
2.9221e+06 137600000000 2432.6729887984492962 5300.89
2.92379e+06 1.377e+11 2433.0500578731216592 5301.76
2.92547e+06 137800000000 2433.4269538032381206 5302.63
2.92715e+06 137900000000 2433.8036770237208657 5303.5
2.92883e+06 138000000000 2434.1802277194015005 5304.36
2.93051e+06 138100000000 2434.5566060748092241 5305.23
2.9322e+06 1.382e+11 2434.9328122741658262 5306.1
2.93388e+06 138300000000 2435.3088465011223889 5306.96
2.93556e+06 138400000000 2435.6847089400603181 5307.83
2.93724e+06 138500000000 2436.0603997734965560 5308.7
2.93892e+06 138600000000 2436.4359191846806425 5309.56
2.94061e+06 1.387e+11 2436.8112673556661321 5310.43
2.94229e+06 138800000000 2437.1864444685907074 5311.29
2.94397e+06 138900000000 2437.5614507030936693 5312.16
2.94565e+06 139000000000 2437.9362862447287625 5313.02
2.94733e+06 139100000000 2438.3109512753144372 5313.89
2.94902e+06 1.392e+11 2438.6854459757078075 5314.75
2.9507e+06 139300000000 2439.0597705269174185 5315.61
2.95238e+06 139400000000 2439.4339251096571388 5316.48
2.95406e+06 139500000000 2439.8079099043247879 5317.34
2.95575e+06 139600000000 2440.1817250910371513 5318.2
2.95743e+06 1.397e+11 2440.5553708495999672 5319.07
2.95911e+06 139800000000 2440.9288473595202049 5319.93
2.96079e+06 139900000000 2441.3021548000078838 5320.79
2.96247e+06 140000000000 2441.6752933499756182 5321.65
