8.88348500E+19 1.00000000E+00
8.92405900E+19 2.00000000E+00
8.96478900E+19 3.00000000E+00
9.00567500E+19 4.00000000E+00
9.04675000E+19 5.00000000E+00
9.08801600E+19 6.00000000E+00
9.12947400E+19 7.00000000E+00
9.17112300E+19 8.00000000E+00
9.21296500E+19 9.00000000E+00
9.25500200E+19 1.00000000E+01
9.29723300E+19 1.10000000E+01
9.33966000E+19 1.20000000E+01
9.38228300E+19 1.30000000E+01
9.42510400E+19 1.40000000E+01
9.46812300E+19 1.50000000E+01
9.51134200E+19 1.60000000E+01
9.55476700E+19 1.70000000E+01
9.59840000E+19 1.80000000E+01
9.64224200E+19 1.90000000E+01
9.68629400E+19 2.00000000E+01
9.73055600E+19 2.10000000E+01
9.77502900E+19 2.20000000E+01
9.81971600E+19 2.30000000E+01
9.86461600E+19 2.40000000E+01
9.90973100E+19 2.50000000E+01
9.95506300E+19 2.60000000E+01
1.00006200E+20 2.70000000E+01
1.00464100E+20 2.80000000E+01
1.00924300E+20 2.90000000E+01
1.01386800E+20 3.00000000E+01
1.01851600E+20 3.10000000E+01
1.02318700E+20 3.20000000E+01
1.02788200E+20 3.30000000E+01
1.03260000E+20 3.40000000E+01
1.03734200E+20 3.50000000E+01
1.04210800E+20 3.60000000E+01
1.04689800E+20 3.70000000E+01
1.05171100E+20 3.80000000E+01
1.05654900E+20 3.90000000E+01
1.06141100E+20 4.00000000E+01
1.06629800E+20 4.10000000E+01
1.07120900E+20 4.20000000E+01
1.07614400E+20 4.30000000E+01
1.08110500E+20 4.40000000E+01
1.08609000E+20 4.50000000E+01
1.09110000E+20 4.60000000E+01
1.09613500E+20 4.70000000E+01
1.10119600E+20 4.80000000E+01
1.10628100E+20 4.90000000E+01
1.11139300E+20 5.00000000E+01
1.11653000E+20 5.10000000E+01
1.12169200E+20 5.20000000E+01
1.12688100E+20 5.30000000E+01
1.13209500E+20 5.40000000E+01
1.13733600E+20 5.50000000E+01
1.14260300E+20 5.60000000E+01
1.14789600E+20 5.70000000E+01
1.15321600E+20 5.80000000E+01
1.15856300E+20 5.90000000E+01
1.16393600E+20 6.00000000E+01
1.16933600E+20 6.10000000E+01
1.17476300E+20 6.20000000E+01
1.18021700E+20 6.30000000E+01
1.18569900E+20 6.40000000E+01
1.19120800E+20 6.50000000E+01
1.19674500E+20 6.60000000E+01
1.20230900E+20 6.70000000E+01
1.20790100E+20 6.80000000E+01
1.21352200E+20 6.90000000E+01
1.21917000E+20 7.00000000E+01
1.22484700E+20 7.10000000E+01
1.23055200E+20 7.20000000E+01
1.23628500E+20 7.30000000E+01
1.24204800E+20 7.40000000E+01
1.24783900E+20 7.50000000E+01
1.25365900E+20 7.60000000E+01
1.25950800E+20 7.70000000E+01
1.26538700E+20 7.80000000E+01
1.27129500E+20 7.90000000E+01
1.27723200E+20 8.00000000E+01
1.28320000E+20 8.10000000E+01
1.28919700E+20 8.20000000E+01
1.29522400E+20 8.30000000E+01
1.30128100E+20 8.40000000E+01
1.30736900E+20 8.50000000E+01
1.31348700E+20 8.60000000E+01
1.31963500E+20 8.70000000E+01
1.32581500E+20 8.80000000E+01
1.33202500E+20 8.90000000E+01
1.33826700E+20 9.00000000E+01
1.34453900E+20 9.10000000E+01
1.35084300E+20 9.20000000E+01
1.35717900E+20 9.30000000E+01
1.36354600E+20 9.40000000E+01
1.36994500E+20 9.50000000E+01
1.37637700E+20 9.60000000E+01
1.38284000E+20 9.70000000E+01
1.38933600E+20 9.80000000E+01
1.39586400E+20 9.90000000E+01
1.40242500E+20 1.00000000E+02
1.40901800E+20 1.01000000E+02
1.41564500E+20 1.02000000E+02
1.42230500E+20 1.03000000E+02
1.42899800E+20 1.04000000E+02
1.43572400E+20 1.05000000E+02
1.44248500E+20 1.06000000E+02
1.44927900E+20 1.07000000E+02
1.45610700E+20 1.08000000E+02
1.46296900E+20 1.09000000E+02
1.46986500E+20 1.10000000E+02
1.47679600E+20 1.11000000E+02
1.48376200E+20 1.12000000E+02
1.49076300E+20 1.13000000E+02
1.49779800E+20 1.14000000E+02
1.50486900E+20 1.15000000E+02
1.51197500E+20 1.16000000E+02
1.51911700E+20 1.17000000E+02
1.52629400E+20 1.18000000E+02
1.53350700E+20 1.19000000E+02
1.54075700E+20 1.20000000E+02
1.54804200E+20 1.21000000E+02
1.55536400E+20 1.22000000E+02
1.56272300E+20 1.23000000E+02
1.57011900E+20 1.24000000E+02
1.57755100E+20 1.25000000E+02
1.58502100E+20 1.26000000E+02
1.59252800E+20 1.27000000E+02
1.60007200E+20 1.28000000E+02
1.60765500E+20 1.29000000E+02
1.61527500E+20 1.30000000E+02
1.62293300E+20 1.31000000E+02
1.63063000E+20 1.32000000E+02
1.63836500E+20 1.33000000E+02
1.64613900E+20 1.34000000E+02
1.65395200E+20 1.35000000E+02
1.66180400E+20 1.36000000E+02
1.66969500E+20 1.37000000E+02
1.67762600E+20 1.38000000E+02
1.68559600E+20 1.39000000E+02
1.69360600E+20 1.40000000E+02
1.70165600E+20 1.41000000E+02
1.70974700E+20 1.42000000E+02
1.71787800E+20 1.43000000E+02
1.72604900E+20 1.44000000E+02
1.73426200E+20 1.45000000E+02
1.74251500E+20 1.46000000E+02
1.75081000E+20 1.47000000E+02
1.75914700E+20 1.48000000E+02
1.76752500E+20 1.49000000E+02
1.77594500E+20 1.50000000E+02
1.78440700E+20 1.51000000E+02
1.79291100E+20 1.52000000E+02
1.80145800E+20 1.53000000E+02
1.81004800E+20 1.54000000E+02
1.81868100E+20 1.55000000E+02
1.82735700E+20 1.56000000E+02
1.83607600E+20 1.57000000E+02
1.84483900E+20 1.58000000E+02
1.85364600E+20 1.59000000E+02
1.86249700E+20 1.60000000E+02
1.87139200E+20 1.61000000E+02
1.88033200E+20 1.62000000E+02
1.88931600E+20 1.63000000E+02
1.89834600E+20 1.64000000E+02
1.90742000E+20 1.65000000E+02
1.91654000E+20 1.66000000E+02
1.92570600E+20 1.67000000E+02
1.93491700E+20 1.68000000E+02
1.94417500E+20 1.69000000E+02
1.95347900E+20 1.70000000E+02
1.96282900E+20 1.71000000E+02
1.97222600E+20 1.72000000E+02
1.98167000E+20 1.73000000E+02
1.99116200E+20 1.74000000E+02
2.00070100E+20 1.75000000E+02
2.01028800E+20 1.76000000E+02
2.01992200E+20 1.77000000E+02
2.02960500E+20 1.78000000E+02
2.03933700E+20 1.79000000E+02
2.04911700E+20 1.80000000E+02
2.05894600E+20 1.81000000E+02
2.06882400E+20 1.82000000E+02
2.07875200E+20 1.83000000E+02
2.08872900E+20 1.84000000E+02
2.09875600E+20 1.85000000E+02
2.10883400E+20 1.86000000E+02
2.11896200E+20 1.87000000E+02
2.12914000E+20 1.88000000E+02
2.13937000E+20 1.89000000E+02
2.14965100E+20 1.90000000E+02
2.15998300E+20 1.91000000E+02
2.17036700E+20 1.92000000E+02
2.18080300E+20 1.93000000E+02
2.19129100E+20 1.94000000E+02
2.20183200E+20 1.95000000E+02
2.21242500E+20 1.96000000E+02
2.22307200E+20 1.97000000E+02
2.23377200E+20 1.98000000E+02
2.24452500E+20 1.99000000E+02
2.25533200E+20 2.00000000E+02
2.26619400E+20 2.01000000E+02
2.27710900E+20 2.02000000E+02
2.28808000E+20 2.03000000E+02
2.29910500E+20 2.04000000E+02
2.31018500E+20 2.05000000E+02
2.32132100E+20 2.06000000E+02
2.33251300E+20 2.07000000E+02
2.34376100E+20 2.08000000E+02
2.35506500E+20 2.09000000E+02
2.36642600E+20 2.10000000E+02
2.37784300E+20 2.11000000E+02
2.38931800E+20 2.12000000E+02
2.40085000E+20 2.13000000E+02
2.41244000E+20 2.14000000E+02
2.42408800E+20 2.15000000E+02
2.43579500E+20 2.16000000E+02
2.44756000E+20 2.17000000E+02
2.45938300E+20 2.18000000E+02
2.47126700E+20 2.19000000E+02
2.48320900E+20 2.20000000E+02
2.49521200E+20 2.21000000E+02
2.50727500E+20 2.22000000E+02
2.51939800E+20 2.23000000E+02
2.53158300E+20 2.24000000E+02
2.54382900E+20 2.25000000E+02
2.55613600E+20 2.26000000E+02
2.56850600E+20 2.27000000E+02
2.58093800E+20 2.28000000E+02
2.59343200E+20 2.29000000E+02
2.60598900E+20 2.30000000E+02
2.61861000E+20 2.31000000E+02
2.63129400E+20 2.32000000E+02
2.64404200E+20 2.33000000E+02
2.65685400E+20 2.34000000E+02
2.66973100E+20 2.35000000E+02
2.68267200E+20 2.36000000E+02
2.69567900E+20 2.37000000E+02
2.70875100E+20 2.38000000E+02
2.72189000E+20 2.39000000E+02
2.73509400E+20 2.40000000E+02
2.74836500E+20 2.41000000E+02
2.76170300E+20 2.42000000E+02
2.77510800E+20 2.43000000E+02
2.78858000E+20 2.44000000E+02
2.80212100E+20 2.45000000E+02
2.81572900E+20 2.46000000E+02
2.82940700E+20 2.47000000E+02
2.84315300E+20 2.48000000E+02
2.85696900E+20 2.49000000E+02
2.87085400E+20 2.50000000E+02
2.88480900E+20 2.51000000E+02
2.89883500E+20 2.52000000E+02
2.91293100E+20 2.53000000E+02
2.92709800E+20 2.54000000E+02
2.94133700E+20 2.55000000E+02
2.95564800E+20 2.56000000E+02
2.97003100E+20 2.57000000E+02
2.98448700E+20 2.58000000E+02
2.99901500E+20 2.59000000E+02
3.01361700E+20 2.60000000E+02
3.02829200E+20 2.61000000E+02
3.04304200E+20 2.62000000E+02
3.05786600E+20 2.63000000E+02
3.07276400E+20 2.64000000E+02
3.08773800E+20 2.65000000E+02
3.10278800E+20 2.66000000E+02
3.11791300E+20 2.67000000E+02
3.13311500E+20 2.68000000E+02
3.14839400E+20 2.69000000E+02
3.16374900E+20 2.70000000E+02
3.17918300E+20 2.71000000E+02
3.19469400E+20 2.72000000E+02
3.21028400E+20 2.73000000E+02
3.22595200E+20 2.74000000E+02
3.24169900E+20 2.75000000E+02
3.25752600E+20 2.76000000E+02
3.27343300E+20 2.77000000E+02
3.28942100E+20 2.78000000E+02
3.30548900E+20 2.79000000E+02
3.32163800E+20 2.80000000E+02
3.33786900E+20 2.81000000E+02
3.35418200E+20 2.82000000E+02
3.37057700E+20 2.83000000E+02
3.38705600E+20 2.84000000E+02
3.40361700E+20 2.85000000E+02
3.42026200E+20 2.86000000E+02
3.43699200E+20 2.87000000E+02
3.45380600E+20 2.88000000E+02
3.47070500E+20 2.89000000E+02
3.48768900E+20 2.90000000E+02
3.50475900E+20 2.91000000E+02
3.52191600E+20 2.92000000E+02
3.53916000E+20 2.93000000E+02
3.55649000E+20 2.94000000E+02
3.57390900E+20 2.95000000E+02
3.59141500E+20 2.96000000E+02
3.60901000E+20 2.97000000E+02
3.62669400E+20 2.98000000E+02
3.64446700E+20 2.99000000E+02
3.66233100E+20 3.00000000E+02
3.68028500E+20 3.01000000E+02
3.69832900E+20 3.02000000E+02
3.71646500E+20 3.03000000E+02
3.73469300E+20 3.04000000E+02
3.75301300E+20 3.05000000E+02
3.77142600E+20 3.06000000E+02
3.78993200E+20 3.07000000E+02
3.80853200E+20 3.08000000E+02
3.82722600E+20 3.09000000E+02
3.84601400E+20 3.10000000E+02
3.86489800E+20 3.11000000E+02
3.88387700E+20 3.12000000E+02
3.90295200E+20 3.13000000E+02
3.92212500E+20 3.14000000E+02
3.94139400E+20 3.15000000E+02
3.96076100E+20 3.16000000E+02
3.98022500E+20 3.17000000E+02
3.99978900E+20 3.18000000E+02
4.01945200E+20 3.19000000E+02
4.03921400E+20 3.20000000E+02
4.05907600E+20 3.21000000E+02
4.07903900E+20 3.22000000E+02
4.09910400E+20 3.23000000E+02
4.11927000E+20 3.24000000E+02
4.13953800E+20 3.25000000E+02
4.15990900E+20 3.26000000E+02
4.18038300E+20 3.27000000E+02
4.20096100E+20 3.28000000E+02
4.22164300E+20 3.29000000E+02
4.24243000E+20 3.30000000E+02
4.26332300E+20 3.31000000E+02
4.28432200E+20 3.32000000E+02
4.30542700E+20 3.33000000E+02
4.32663900E+20 3.34000000E+02
4.34795900E+20 3.35000000E+02
4.36938700E+20 3.36000000E+02
4.39092300E+20 3.37000000E+02
4.41256900E+20 3.38000000E+02
4.43432500E+20 3.39000000E+02
4.45619100E+20 3.40000000E+02
4.47816800E+20 3.41000000E+02
4.50025600E+20 3.42000000E+02
4.52245700E+20 3.43000000E+02
4.54477100E+20 3.44000000E+02
4.56719700E+20 3.45000000E+02
4.58973800E+20 3.46000000E+02
4.61239300E+20 3.47000000E+02
4.63516300E+20 3.48000000E+02
4.65804800E+20 3.49000000E+02
4.68105000E+20 3.50000000E+02
4.70465000E+20 3.51000000E+02
4.72823400E+20 3.52000000E+02
4.76006200E+20 3.53000000E+02
4.78361000E+20 3.54000000E+02
4.80714100E+20 3.55000000E+02
4.83065600E+20 3.56000000E+02
4.86240500E+20 3.57000000E+02
4.88588300E+20 3.58000000E+02
4.90934500E+20 3.59000000E+02
4.93279000E+20 3.60000000E+02
4.96445800E+20 3.61000000E+02
4.98786700E+20 3.62000000E+02
5.01125800E+20 3.63000000E+02
5.04286600E+20 3.64000000E+02
5.06622000E+20 3.65000000E+02
5.08955800E+20 3.66000000E+02
5.12110400E+20 3.67000000E+02
5.14440500E+20 3.68000000E+02
5.17590900E+20 3.69000000E+02
5.19917300E+20 3.70000000E+02
5.23063400E+20 3.71000000E+02
5.25386100E+20 3.72000000E+02
5.28528000E+20 3.73000000E+02
5.30846900E+20 3.74000000E+02
5.33984600E+20 3.75000000E+02
5.36299700E+20 3.76000000E+02
5.39433100E+20 3.77000000E+02
5.41744500E+20 3.78000000E+02
5.44873600E+20 3.79000000E+02
5.48000400E+20 3.80000000E+02
5.50306000E+20 3.81000000E+02
5.53428400E+20 3.82000000E+02
5.56548600E+20 3.83000000E+02
5.58848300E+20 3.84000000E+02
5.61964200E+20 3.85000000E+02
5.65077700E+20 3.86000000E+02
5.67371500E+20 3.87000000E+02
5.70480700E+20 3.88000000E+02
5.73587500E+20 3.89000000E+02
5.76691900E+20 3.90000000E+02
5.79794000E+20 3.91000000E+02
5.82077900E+20 3.92000000E+02
5.85175600E+20 3.93000000E+02
5.88270900E+20 3.94000000E+02
5.91363900E+20 3.95000000E+02
5.94454600E+20 3.96000000E+02
5.97542900E+20 3.97000000E+02
6.00628800E+20 3.98000000E+02
6.03712300E+20 3.99000000E+02
4.00392400E+20 4.00000000E+02
4.02678300E+20 4.01000000E+02
4.05281600E+20 4.02000000E+02
4.07340200E+20 4.03000000E+02
4.08854700E+20 4.04000000E+02
4.09825600E+20 4.05000000E+02
4.10796200E+20 4.06000000E+02
4.11766500E+20 4.07000000E+02
4.12736600E+20 4.08000000E+02
4.13706400E+20 4.09000000E+02
4.15218100E+20 4.10000000E+02
4.16187200E+20 4.11000000E+02
4.17697800E+20 4.12000000E+02
4.18666200E+20 4.13000000E+02
4.20175800E+20 4.14000000E+02
4.42791800E+20 4.15000000E+02
4.38342800E+20 4.16000000E+02
4.34437400E+20 4.17000000E+02
4.29993600E+20 4.18000000E+02
4.26093200E+20 4.19000000E+02
4.22195300E+20 4.20000000E+02
4.24243300E+20 4.21000000E+02
4.25750200E+20 4.22000000E+02
4.27796600E+20 4.23000000E+02
4.29842000E+20 4.24000000E+02
4.31886600E+20 4.25000000E+02
4.33930200E+20 4.26000000E+02
4.35433700E+20 4.27000000E+02
4.37475800E+20 4.28000000E+02
4.39516900E+20 4.29000000E+02
4.41557200E+20 4.30000000E+02
4.43596600E+20 4.31000000E+02
4.45635200E+20 4.32000000E+02
4.47672900E+20 4.33000000E+02
4.49709700E+20 4.34000000E+02
4.51745700E+20 4.35000000E+02
4.53780800E+20 4.36000000E+02
4.55815100E+20 4.37000000E+02
4.57848600E+20 4.38000000E+02
4.59881200E+20 4.39000000E+02
4.61912900E+20 4.40000000E+02
4.63943900E+20 4.41000000E+02
4.65974000E+20 4.42000000E+02
4.68540000E+20 4.43000000E+02
4.70568400E+20 4.44000000E+02
4.72595900E+20 4.45000000E+02
4.74622600E+20 4.46000000E+02
4.76648600E+20 4.47000000E+02
4.78673700E+20 4.48000000E+02
4.81233800E+20 4.49000000E+02
4.83257200E+20 4.50000000E+02
4.85279800E+20 4.51000000E+02
4.87836900E+20 4.52000000E+02
4.89857800E+20 4.53000000E+02
4.91878000E+20 4.54000000E+02
4.94432200E+20 4.55000000E+02
4.96450600E+20 4.56000000E+02
4.98468400E+20 4.57000000E+02
5.01019700E+20 4.58000000E+02
5.03035700E+20 4.59000000E+02
5.05585100E+20 4.60000000E+02
5.07599500E+20 4.61000000E+02
5.10147000E+20 4.62000000E+02
5.12159800E+20 4.63000000E+02
5.14705300E+20 4.64000000E+02
5.16716600E+20 4.65000000E+02
5.19260200E+20 4.66000000E+02
5.21269900E+20 4.67000000E+02
5.23811600E+20 4.68000000E+02
5.26352400E+20 4.69000000E+02
5.28359600E+20 4.70000000E+02
5.30898600E+20 4.71000000E+02
5.33436500E+20 4.72000000E+02
5.35441400E+20 4.73000000E+02
5.35318000E+20 4.74000000E+02
5.40512700E+20 4.75000000E+02
5.40388900E+20 4.76000000E+02
5.45580200E+20 4.77000000E+02
5.45455900E+20 4.78000000E+02
5.50643800E+20 4.79000000E+02
5.50519100E+20 4.80000000E+02
5.55703600E+20 4.81000000E+02
5.55578500E+20 4.82000000E+02
5.60759700E+20 4.83000000E+02
5.60634200E+20 4.84000000E+02
5.65812200E+20 4.85000000E+02
5.65686200E+20 4.86000000E+02
5.70860900E+20 4.87000000E+02
5.70734600E+20 4.88000000E+02
5.75906100E+20 4.89000000E+02
5.75779400E+20 4.90000000E+02
5.80947700E+20 4.91000000E+02
5.80820700E+20 4.92000000E+02
5.80694000E+20 4.93000000E+02
5.85858400E+20 4.94000000E+02
5.85731400E+20 4.95000000E+02
5.85604900E+20 4.96000000E+02
5.90765300E+20 4.97000000E+02
5.90638500E+20 4.98000000E+02
5.95795800E+20 4.99000000E+02
5.95668600E+20 5.00000000E+02
5.95541900E+20 5.01000000E+02
6.00695400E+20 5.02000000E+02
6.00568400E+20 5.03000000E+02
6.05718800E+20 5.04000000E+02
6.05591500E+20 5.05000000E+02
6.05464600E+20 5.06000000E+02
6.10611300E+20 5.07000000E+02
6.10484200E+20 5.08000000E+02
6.10357400E+20 5.09000000E+02
6.15500500E+20 5.10000000E+02
6.15373500E+20 5.11000000E+02
6.20513600E+20 5.12000000E+02
6.20386300E+20 5.13000000E+02
6.20259500E+20 5.14000000E+02
6.25396000E+20 5.15000000E+02
6.25268900E+20 5.16000000E+02
6.25142300E+20 5.17000000E+02
6.30275200E+20 5.18000000E+02
6.30148400E+20 5.19000000E+02
6.35278500E+20 5.20000000E+02
6.35151400E+20 5.21000000E+02
6.35024700E+20 5.22000000E+02
6.40151300E+20 5.23000000E+02
6.40024500E+20 5.24000000E+02
6.39898000E+20 5.25000000E+02
6.39772000E+20 5.26000000E+02
6.39646500E+20 5.27000000E+02
6.39521400E+20 5.28000000E+02
6.44642600E+20 5.29000000E+02
6.44517400E+20 5.30000000E+02
6.44392500E+20 5.31000000E+02
6.44268100E+20 5.32000000E+02
6.44144100E+20 5.33000000E+02
6.49260700E+20 5.34000000E+02
6.49136600E+20 5.35000000E+02
6.54250500E+20 5.36000000E+02
6.54126100E+20 5.37000000E+02
6.59237400E+20 5.38000000E+02
6.59112900E+20 5.39000000E+02
6.58988800E+20 5.40000000E+02
6.64096900E+20 5.41000000E+02
6.63972600E+20 5.42000000E+02
6.69078100E+20 5.43000000E+02
6.68953700E+20 5.44000000E+02
6.74056600E+20 5.45000000E+02
6.73932100E+20 5.46000000E+02
6.79032500E+20 5.47000000E+02
6.78907800E+20 5.48000000E+02
6.78783500E+20 5.49000000E+02
6.83880900E+20 5.50000000E+02
6.83756500E+20 5.51000000E+02
6.88851300E+20 5.52000000E+02
6.88726800E+20 5.53000000E+02
6.93819200E+20 5.54000000E+02
6.93694600E+20 5.55000000E+02
6.98784600E+20 5.56000000E+02
6.98659900E+20 5.57000000E+02
7.03747500E+20 5.58000000E+02
7.03622600E+20 5.59000000E+02
7.03498300E+20 5.60000000E+02
7.08582900E+20 5.61000000E+02
7.08458500E+20 5.62000000E+02
7.13540800E+20 5.63000000E+02
7.13416300E+20 5.64000000E+02
7.18496300E+20 5.65000000E+02
7.18371700E+20 5.66000000E+02
7.23449400E+20 5.67000000E+02
7.23324700E+20 5.68000000E+02
7.28400100E+20 5.69000000E+02
7.28275400E+20 5.70000000E+02
7.33348500E+20 5.71000000E+02
7.33223800E+20 5.72000000E+02
7.38294700E+20 5.73000000E+02
7.38169900E+20 5.74000000E+02
7.43238600E+20 5.75000000E+02
7.43113800E+20 5.76000000E+02
7.48180300E+20 5.77000000E+02
7.48055400E+20 5.78000000E+02
7.53119800E+20 5.79000000E+02
7.52994900E+20 5.80000000E+02
7.52870500E+20 5.81000000E+02
7.57932200E+20 5.82000000E+02
7.57807800E+20 5.83000000E+02
7.62867400E+20 5.84000000E+02
7.62743000E+20 5.85000000E+02
7.67800500E+20 5.86000000E+02
7.67676100E+20 5.87000000E+02
7.72731600E+20 5.88000000E+02
7.72607200E+20 5.89000000E+02
7.77660600E+20 5.90000000E+02
7.82712400E+20 5.91000000E+02
7.82587600E+20 5.92000000E+02
7.87637300E+20 5.93000000E+02
7.87512600E+20 5.94000000E+02
7.92560300E+20 5.95000000E+02
7.92435600E+20 5.96000000E+02
7.97481400E+20 5.97000000E+02
7.97356700E+20 5.98000000E+02
8.02400600E+20 5.99000000E+02
8.02276000E+20 6.00000000E+02
8.07317900E+20 6.01000000E+02
8.07193300E+20 6.02000000E+02
8.12233300E+20 6.03000000E+02
8.12108800E+20 6.04000000E+02
8.17146900E+20 6.05000000E+02
8.17022500E+20 6.06000000E+02
8.22058700E+20 6.07000000E+02
8.21934400E+20 6.08000000E+02
8.26968800E+20 6.09000000E+02
8.26844500E+20 6.10000000E+02
8.31877000E+20 6.11000000E+02
8.36908000E+20 6.12000000E+02
8.36783500E+20 6.13000000E+02
8.41812800E+20 6.14000000E+02
8.41688300E+20 6.15000000E+02
8.46715800E+20 6.16000000E+02
8.46591400E+20 6.17000000E+02
8.51617100E+20 6.18000000E+02
8.51492900E+20 6.19000000E+02
8.56516700E+20 6.20000000E+02
8.56392600E+20 6.21000000E+02
8.61414800E+20 6.22000000E+02
8.66435500E+20 6.23000000E+02
8.66311200E+20 6.24000000E+02
8.71330100E+20 6.25000000E+02
8.71206000E+20 6.26000000E+02
8.76223200E+20 6.27000000E+02
8.76099200E+20 6.28000000E+02
8.81114800E+20 6.29000000E+02
8.86129000E+20 6.30000000E+02
8.86004800E+20 6.31000000E+02
8.91017400E+20 6.32000000E+02
8.90893200E+20 6.33000000E+02
8.95904200E+20 6.34000000E+02
8.95780200E+20 6.35000000E+02
9.00789500E+20 6.36000000E+02
9.05797500E+20 6.37000000E+02
9.05673400E+20 6.38000000E+02
9.10679700E+20 6.39000000E+02
9.10555800E+20 6.40000000E+02
9.15560500E+20 6.41000000E+02
9.20564000E+20 6.42000000E+02
9.20439900E+20 6.43000000E+02
9.25441900E+20 6.44000000E+02
9.25317900E+20 6.45000000E+02
9.30318300E+20 6.46000000E+02
9.35317400E+20 6.47000000E+02
9.35193400E+20 6.48000000E+02
9.40191000E+20 6.49000000E+02
9.40067100E+20 6.50000000E+02
9.45063200E+20 6.51000000E+02
9.50058000E+20 6.52000000E+02
9.49934100E+20 6.53000000E+02
9.54927400E+20 6.54000000E+02
9.54803700E+20 6.55000000E+02
9.59795500E+20 6.56000000E+02
9.64786200E+20 6.57000000E+02
9.64662400E+20 6.58000000E+02
9.69651600E+20 6.59000000E+02
9.84862200E+20 6.60000000E+02
9.82987900E+20 6.61000000E+02
9.90489300E+20 6.62000000E+02
9.90364100E+20 6.63000000E+02
9.90239400E+20 6.64000000E+02
9.97736800E+20 6.65000000E+02
9.97611900E+20 6.66000000E+02
9.97487500E+20 6.67000000E+02
1.00498100E+21 6.68000000E+02
1.00485600E+21 6.69000000E+02
2.33337600E+21 6.70000000E+02
2.35124800E+21 6.71000000E+02
2.36267600E+21 6.72000000E+02
2.37414500E+21 6.73000000E+02
2.38565400E+21 6.74000000E+02
2.39720000E+21 6.75000000E+02
2.40877400E+21 6.76000000E+02
2.42038900E+21 6.77000000E+02
2.43204400E+21 6.78000000E+02
2.44372700E+21 6.79000000E+02
2.45545100E+21 6.80000000E+02
2.46721400E+21 6.81000000E+02
2.47901000E+21 6.82000000E+02
2.49084600E+21 6.83000000E+02
2.50271400E+21 6.84000000E+02
2.51461800E+21 6.85000000E+02
2.52655900E+21 6.86000000E+02
2.53853500E+21 6.87000000E+02
2.55055100E+21 6.88000000E+02
2.56260300E+21 6.89000000E+02
2.57468300E+21 6.90000000E+02
2.58680600E+21 6.91000000E+02
2.59896500E+21 6.92000000E+02
2.61116000E+21 6.93000000E+02
2.62338600E+21 6.94000000E+02
2.63564800E+21 6.95000000E+02
2.64795000E+21 6.96000000E+02
2.66028200E+21 6.97000000E+02
2.67265400E+21 6.98000000E+02
2.68505800E+21 6.99000000E+02
2.69750400E+21 7.00000000E+02
2.70997800E+21 7.01000000E+02
2.72249100E+21 7.02000000E+02
2.73503900E+21 7.03000000E+02
2.74761700E+21 7.04000000E+02
2.76023500E+21 7.05000000E+02
2.77288700E+21 7.06000000E+02
2.78557400E+21 7.07000000E+02
2.79829200E+21 7.08000000E+02
2.81104800E+21 7.09000000E+02
2.82384300E+21 7.10000000E+02
2.83666300E+21 7.11000000E+02
2.84952300E+21 7.12000000E+02
2.86241600E+21 7.13000000E+02
2.87534400E+21 7.14000000E+02
2.88830100E+21 7.15000000E+02
2.90129700E+21 7.16000000E+02
2.91433000E+21 7.17000000E+02
2.92739400E+21 7.18000000E+02
2.94049000E+21 7.19000000E+02
2.95362100E+21 7.20000000E+02
2.96678900E+21 7.21000000E+02
2.97998200E+21 7.22000000E+02
2.99321200E+21 7.23000000E+02
3.00648000E+21 7.24000000E+02
3.01977200E+21 7.25000000E+02
3.03310600E+21 7.26000000E+02
3.04647300E+21 7.27000000E+02
3.05986800E+21 7.28000000E+02
3.07329600E+21 7.29000000E+02
3.08675600E+21 7.30000000E+02
3.10025400E+21 7.31000000E+02
3.11379200E+21 7.32000000E+02
3.12738800E+21 7.33000000E+02
3.14103400E+21 7.34000000E+02
3.15472900E+21 7.35000000E+02
3.16847000E+21 7.36000000E+02
3.18226400E+21 7.37000000E+02
3.19610500E+21 7.38000000E+02
3.21000000E+21 7.39000000E+02
3.22394000E+21 7.40000000E+02
3.23793100E+21 7.41000000E+02
3.25197700E+21 7.42000000E+02
3.26606900E+21 7.43000000E+02
3.28022100E+21 7.44000000E+02
3.29442000E+21 7.45000000E+02
3.30867000E+21 7.46000000E+02
3.32296500E+21 7.47000000E+02
3.33731200E+21 7.48000000E+02
3.35171600E+21 7.49000000E+02
3.36616600E+21 7.50000000E+02
3.38067300E+21 7.51000000E+02
3.39523700E+21 7.52000000E+02
3.40984800E+21 7.53000000E+02
3.42450600E+21 7.54000000E+02
3.43922600E+21 7.55000000E+02
3.45399400E+21 7.56000000E+02
3.46880900E+21 7.57000000E+02
3.48368200E+21 7.58000000E+02
3.49860800E+21 7.59000000E+02
3.51359200E+21 7.60000000E+02
3.52862400E+21 7.61000000E+02
3.54370900E+21 7.62000000E+02
3.55884800E+21 7.63000000E+02
3.57403500E+21 7.64000000E+02
3.58928600E+21 7.65000000E+02
3.60458600E+21 7.66000000E+02
3.61993900E+21 7.67000000E+02
3.63534700E+21 7.68000000E+02
3.65081400E+21 7.69000000E+02
3.66633600E+21 7.70000000E+02
3.68190100E+21 7.71000000E+02
3.69753200E+21 7.72000000E+02
3.71321300E+21 7.73000000E+02
3.72895300E+21 7.74000000E+02
3.74473800E+21 7.75000000E+02
3.76058900E+21 7.76000000E+02
3.77649600E+21 7.77000000E+02
3.79245200E+21 7.78000000E+02
3.80847000E+21 7.79000000E+02
3.82453700E+21 7.80000000E+02
3.84066700E+21 7.81000000E+02
3.85684600E+21 7.82000000E+02
3.87308200E+21 7.83000000E+02
3.88938000E+21 7.84000000E+02
3.90573500E+21 7.85000000E+02
3.92214000E+21 7.86000000E+02
3.93860800E+21 7.87000000E+02
3.95513300E+21 7.88000000E+02
3.97170900E+21 7.89000000E+02
3.98834900E+21 7.90000000E+02
4.00504500E+21 7.91000000E+02
4.02179900E+21 7.92000000E+02
4.03860500E+21 7.93000000E+02
4.05547500E+21 7.94000000E+02
4.07240800E+21 7.95000000E+02
4.08938800E+21 7.96000000E+02
4.10643200E+21 7.97000000E+02
4.12353400E+21 7.98000000E+02
4.14069400E+21 7.99000000E+02
4.15790700E+21 8.00000000E+02
4.17519200E+21 8.01000000E+02
4.19252900E+21 8.02000000E+02
4.20991900E+21 8.03000000E+02
4.22738000E+21 8.04000000E+02
4.24489500E+21 8.05000000E+02
4.26247600E+21 8.06000000E+02
4.28010300E+21 8.07000000E+02
4.29779700E+21 8.08000000E+02
4.31555700E+21 8.09000000E+02
4.33336400E+21 8.10000000E+02
4.35124500E+21 8.11000000E+02
4.36917900E+21 8.12000000E+02
4.38718100E+21 8.13000000E+02
4.40523600E+21 8.14000000E+02
4.42335300E+21 8.15000000E+02
4.44153700E+21 8.16000000E+02
4.45976800E+21 8.17000000E+02
4.47807500E+21 8.18000000E+02
4.49643600E+21 8.19000000E+02
4.51487200E+21 8.20000000E+02
4.53335000E+21 8.21000000E+02
4.55190300E+21 8.22000000E+02
4.57051800E+21 8.23000000E+02
4.58918800E+21 8.24000000E+02
4.60792100E+21 8.25000000E+02
4.62672300E+21 8.26000000E+02
4.64558700E+21 8.27000000E+02
4.66450100E+21 8.28000000E+02
4.68349100E+21 8.29000000E+02
4.70255100E+21 8.30000000E+02
4.72166700E+21 8.31000000E+02
4.74084000E+21 8.32000000E+02
4.76008300E+21 8.33000000E+02
4.77939000E+21 8.34000000E+02
4.79875400E+21 8.35000000E+02
4.81818800E+21 8.36000000E+02
4.83769400E+21 8.37000000E+02
4.85725700E+21 8.38000000E+02
4.87687700E+21 8.39000000E+02
4.89656800E+21 8.40000000E+02
4.91632500E+21 8.41000000E+02
4.93613900E+21 8.42000000E+02
4.95602500E+21 8.43000000E+02
4.97597600E+21 8.44000000E+02
4.99599200E+21 8.45000000E+02
5.01607400E+21 8.46000000E+02
5.03622900E+21 8.47000000E+02
5.05644200E+21 8.48000000E+02
5.07671400E+21 8.49000000E+02
5.09705800E+21 8.50000000E+02
5.11747700E+21 8.51000000E+02
5.13795500E+21 8.52000000E+02
5.15849800E+21 8.53000000E+02
5.17911600E+21 8.54000000E+02
5.19979400E+21 8.55000000E+02
5.22053800E+21 8.56000000E+02
5.24134900E+21 8.57000000E+02
5.26223500E+21 8.58000000E+02
5.28318000E+21 8.59000000E+02
5.30419300E+21 8.60000000E+02
5.32527400E+21 8.61000000E+02
5.34643000E+21 8.62000000E+02
5.36763900E+21 8.63000000E+02
5.38893900E+21 8.64000000E+02
5.41030000E+21 8.65000000E+02
5.43172100E+21 8.66000000E+02
5.45321100E+21 8.67000000E+02
5.47477700E+21 8.68000000E+02
5.49640400E+21 8.69000000E+02
5.51810000E+21 8.70000000E+02
5.53987300E+21 8.71000000E+02
5.56171600E+21 8.72000000E+02
5.58363600E+21 8.73000000E+02
5.60560100E+21 8.74000000E+02
5.62765300E+21 8.75000000E+02
5.64977400E+21 8.76000000E+02
5.67196600E+21 8.77000000E+02
5.69421900E+21 8.78000000E+02
5.71655100E+21 8.79000000E+02
5.73896200E+21 8.80000000E+02
5.76142600E+21 8.81000000E+02
5.78397000E+21 8.82000000E+02
5.80658500E+21 8.83000000E+02
5.82927100E+21 8.84000000E+02
5.85202000E+21 8.85000000E+02
5.87484800E+21 8.86000000E+02
5.89775700E+21 8.87000000E+02
5.92072000E+21 8.88000000E+02
5.94376400E+21 8.89000000E+02
5.96688900E+21 8.90000000E+02
5.99008500E+21 8.91000000E+02
6.01333700E+21 8.92000000E+02
6.03666900E+21 8.93000000E+02
6.06007500E+21 8.94000000E+02
6.08355300E+21 8.95000000E+02
6.10710300E+21 8.96000000E+02
6.13073600E+21 8.97000000E+02
6.15444300E+21 8.98000000E+02
6.17820400E+21 8.99000000E+02
6.20205700E+21 9.00000000E+02
6.22597500E+21 9.01000000E+02
6.24996600E+21 9.02000000E+02
6.27403100E+21 9.03000000E+02
6.29818000E+21 9.04000000E+02
6.32239400E+21 9.05000000E+02
6.34668200E+21 9.06000000E+02
6.37105400E+21 9.07000000E+02
6.39550100E+21 9.08000000E+02
6.42001300E+21 9.09000000E+02
6.44460000E+21 9.10000000E+02
6.46927200E+21 9.11000000E+02
6.49402000E+21 9.12000000E+02
6.51883300E+21 9.13000000E+02
6.54374100E+21 9.14000000E+02
6.56870500E+21 9.15000000E+02
6.59375500E+21 9.16000000E+02
6.61887200E+21 9.17000000E+02
6.64407400E+21 9.18000000E+02
6.66935300E+21 9.19000000E+02
6.69469900E+21 9.20000000E+02
6.72012100E+21 9.21000000E+02
6.74563000E+21 9.22000000E+02
6.77122500E+21 9.23000000E+02
6.79687800E+21 9.24000000E+02
6.82262900E+21 9.25000000E+02
6.84844700E+21 9.26000000E+02
6.87433200E+21 9.27000000E+02
6.90030500E+21 9.28000000E+02
6.92635600E+21 9.29000000E+02
6.95248500E+21 9.30000000E+02
6.97868200E+21 9.31000000E+02
7.00496700E+21 9.32000000E+02
7.03134100E+21 9.33000000E+02
7.05778400E+21 9.34000000E+02
7.08430500E+21 9.35000000E+02
7.11090600E+21 9.36000000E+02
7.13759500E+21 9.37000000E+02
7.16434400E+21 9.38000000E+02
7.19118200E+21 9.39000000E+02
7.21812000E+21 9.40000000E+02
7.24510700E+21 9.41000000E+02
7.27219500E+21 9.42000000E+02
7.29935200E+21 9.43000000E+02
7.32659900E+21 9.44000000E+02
7.35390600E+21 9.45000000E+02
7.38130400E+21 9.46000000E+02
7.40879300E+21 9.47000000E+02
7.43636300E+21 9.48000000E+02
7.46399200E+21 9.49000000E+02
7.49173500E+21 9.50000000E+02
7.51953700E+21 9.51000000E+02
7.54742100E+21 9.52000000E+02
7.57539700E+21 9.53000000E+02
7.60344300E+21 9.54000000E+02
7.63157200E+21 9.55000000E+02
7.65979300E+21 9.56000000E+02
7.68810800E+21 9.57000000E+02
7.71648200E+21 9.58000000E+02
7.74493900E+21 9.59000000E+02
7.77349000E+21 9.60000000E+02
7.80212300E+21 9.61000000E+02
7.83083900E+21 9.62000000E+02
7.85962700E+21 9.63000000E+02
7.88850900E+21 9.64000000E+02
7.91747500E+21 9.65000000E+02
7.94651200E+21 9.66000000E+02
7.97565600E+21 9.67000000E+02
8.00487200E+21 9.68000000E+02
8.03417200E+21 9.69000000E+02
8.06354500E+21 9.70000000E+02
8.09301300E+21 9.71000000E+02
8.12256500E+21 9.72000000E+02
8.15219100E+21 9.73000000E+02
8.18192400E+21 9.74000000E+02
8.21173000E+21 9.75000000E+02
8.24163400E+21 9.76000000E+02
8.27159800E+21 9.77000000E+02
8.30165900E+21 9.78000000E+02
8.33181800E+21 9.79000000E+02
8.36203800E+21 9.80000000E+02
8.39235600E+21 9.81000000E+02
8.42277200E+21 9.82000000E+02
8.45327300E+21 9.83000000E+02
8.48383700E+21 9.84000000E+02
8.51451100E+21 9.85000000E+02
8.54525900E+21 9.86000000E+02
8.57609300E+21 9.87000000E+02
8.60701400E+21 9.88000000E+02
8.63803500E+21 9.89000000E+02
8.66913000E+21 9.90000000E+02
8.70032400E+21 9.91000000E+02
8.73158000E+21 9.92000000E+02
8.76296200E+21 9.93000000E+02
8.79440600E+21 9.94000000E+02
8.82593800E+21 9.95000000E+02
8.85757000E+21 9.96000000E+02
8.88929000E+21 9.97000000E+02
8.92107200E+21 9.98000000E+02
8.95296900E+21 9.99000000E+02
8.98496700E+21 1.00000000E+03
9.01702700E+21 1.00100000E+03
9.04918900E+21 1.00200000E+03
9.08144000E+21 1.00300000E+03
9.11376700E+21 1.00400000E+03
9.14618200E+21 1.00500000E+03
9.17870100E+21 1.00600000E+03
9.21130800E+21 1.00700000E+03
9.24400500E+21 1.00800000E+03
9.27677900E+21 1.00900000E+03
9.30966900E+21 1.01000000E+03
9.34263500E+21 1.01100000E+03
9.37567800E+21 1.01200000E+03
9.40882500E+21 1.01300000E+03
9.44206200E+21 1.01400000E+03
9.47539000E+21 1.01500000E+03
9.50879500E+21 1.01600000E+03
9.54233200E+21 1.01700000E+03
9.57591800E+21 1.01800000E+03
9.60960900E+21 1.01900000E+03
9.64339100E+21 1.02000000E+03
9.67727900E+21 1.02100000E+03
9.71124400E+21 1.02200000E+03
9.74528700E+21 1.02300000E+03
9.77943500E+21 1.02400000E+03
9.81369000E+21 1.02500000E+03
9.84800800E+21 1.02600000E+03
9.88246200E+21 1.02700000E+03
9.91697900E+21 1.02800000E+03
9.95158800E+21 1.02900000E+03
9.98629000E+21 1.03000000E+03
1.00210800E+22 1.03100000E+03
1.00559900E+22 1.03200000E+03
1.00909500E+22 1.03300000E+03
1.01260600E+22 1.03400000E+03
1.01612200E+22 1.03500000E+03
1.01965000E+22 1.03600000E+03
1.02318500E+22 1.03700000E+03
1.02673000E+22 1.03800000E+03
1.03028600E+22 1.03900000E+03
1.03384900E+22 1.04000000E+03
1.03742400E+22 1.04100000E+03
1.04100600E+22 1.04200000E+03
1.04460100E+22 1.04300000E+03
1.04820200E+22 1.04400000E+03
1.05181400E+22 1.04500000E+03
1.05543600E+22 1.04600000E+03
1.05906600E+22 1.04700000E+03
1.06270500E+22 1.04800000E+03
1.06635500E+22 1.04900000E+03
1.07001500E+22 1.05000000E+03
1.07368400E+22 1.05100000E+03
1.07736100E+22 1.05200000E+03
1.08105100E+22 1.05300000E+03
1.08474900E+22 1.05400000E+03
1.08845500E+22 1.05500000E+03
1.09217300E+22 1.05600000E+03
1.09590000E+22 1.05700000E+03
1.09963400E+22 1.05800000E+03
1.10338200E+22 1.05900000E+03
1.10714000E+22 1.06000000E+03
1.11090300E+22 1.06100000E+03
1.11467900E+22 1.06200000E+03
1.11846300E+22 1.06300000E+03
1.12226000E+22 1.06400000E+03
1.12606200E+22 1.06500000E+03
1.12987600E+22 1.06600000E+03
1.13370200E+22 1.06700000E+03
1.13753500E+22 1.06800000E+03
1.14137700E+22 1.06900000E+03
1.14523400E+22 1.07000000E+03
1.14909700E+22 1.07100000E+03
1.15296900E+22 1.07200000E+03
1.15685200E+22 1.07300000E+03
1.16074600E+22 1.07400000E+03
1.16464800E+22 1.07500000E+03
1.16856000E+22 1.07600000E+03
1.17248400E+22 1.07700000E+03
1.17641600E+22 1.07800000E+03
1.18035800E+22 1.07900000E+03
1.18431100E+22 1.08000000E+03
1.18827500E+22 1.08100000E+03
1.19224600E+22 1.08200000E+03
1.19622800E+22 1.08300000E+03
1.20022100E+22 1.08400000E+03
1.20422300E+22 1.08500000E+03
1.20823400E+22 1.08600000E+03
1.21225900E+22 1.08700000E+03
1.21629200E+22 1.08800000E+03
1.22033600E+22 1.08900000E+03
1.22438700E+22 1.09000000E+03
1.22844900E+22 1.09100000E+03
1.23252200E+22 1.09200000E+03
1.23660400E+22 1.09300000E+03
1.24070000E+22 1.09400000E+03
1.24480200E+22 1.09500000E+03
1.24891700E+22 1.09600000E+03
1.25303900E+22 1.09700000E+03
1.25717300E+22 1.09800000E+03
1.26131800E+22 1.09900000E+03
1.26547200E+22 1.10000000E+03
1.26963700E+22 1.10100000E+03
1.27381200E+22 1.10200000E+03
1.27799800E+22 1.10300000E+03
1.28219200E+22 1.10400000E+03
1.28639700E+22 1.10500000E+03
1.29061300E+22 1.10600000E+03
1.29484000E+22 1.10700000E+03
1.29907500E+22 1.10800000E+03
1.30332100E+22 1.10900000E+03
1.30757800E+22 1.11000000E+03
1.31184700E+22 1.11100000E+03
1.31612200E+22 1.11200000E+03
1.32041300E+22 1.11300000E+03
1.32471100E+22 1.11400000E+03
1.32902000E+22 1.11500000E+03
1.33333800E+22 1.11600000E+03
1.33766700E+22 1.11700000E+03
1.34200600E+22 1.11800000E+03
1.34635800E+22 1.11900000E+03
1.35072000E+22 1.12000000E+03
1.35509000E+22 1.12100000E+03
1.35947100E+22 1.12200000E+03
1.36386500E+22 1.12300000E+03
1.36826800E+22 1.12400000E+03
1.37267800E+22 1.12500000E+03
1.37710300E+22 1.12600000E+03
1.38153800E+22 1.12700000E+03
1.38598200E+22 1.12800000E+03
1.39043600E+22 1.12900000E+03
1.39490400E+22 1.13000000E+03
1.39938100E+22 1.13100000E+03
1.40386700E+22 1.13200000E+03
1.40836300E+22 1.13300000E+03
1.41287200E+22 1.13400000E+03
1.41739100E+22 1.13500000E+03
1.42191800E+22 1.13600000E+03
1.42646100E+22 1.13700000E+03
1.43101000E+22 1.13800000E+03
1.43557300E+22 1.13900000E+03
1.44014300E+22 1.14000000E+03
1.44472600E+22 1.14100000E+03
1.44931900E+22 1.14200000E+03
1.45392100E+22 1.14300000E+03
1.45853600E+22 1.14400000E+03
1.46316100E+22 1.14500000E+03
1.46780100E+22 1.14600000E+03
1.47244600E+22 1.14700000E+03
1.47710300E+22 1.14800000E+03
1.48177100E+22 1.14900000E+03
1.48645000E+22 1.15000000E+03
1.49113900E+22 1.15100000E+03
1.49583900E+22 1.15200000E+03
1.50055200E+22 1.15300000E+03
1.50527400E+22 1.15400000E+03
1.51000400E+22 1.15500000E+03
1.51475100E+22 1.15600000E+03
1.51950300E+22 1.15700000E+03
1.52426800E+22 1.15800000E+03
1.52904500E+22 1.15900000E+03
1.53383200E+22 1.16000000E+03
1.53862900E+22 1.16100000E+03
1.54343600E+22 1.16200000E+03
1.54825900E+22 1.16300000E+03
1.55308900E+22 1.16400000E+03
1.55792900E+22 1.16500000E+03
1.56278300E+22 1.16600000E+03
1.56764500E+22 1.16700000E+03
1.57251800E+22 1.16800000E+03
1.57740400E+22 1.16900000E+03
1.58229800E+22 1.17000000E+03
1.58720600E+22 1.17100000E+03
1.59212300E+22 1.17200000E+03
1.59705500E+22 1.17300000E+03
1.60199500E+22 1.17400000E+03
1.60694200E+22 1.17500000E+03
1.61190400E+22 1.17600000E+03
1.61687800E+22 1.17700000E+03
1.62186000E+22 1.17800000E+03
1.62685500E+22 1.17900000E+03
1.63186400E+22 1.18000000E+03
1.63687900E+22 1.18100000E+03
1.64190700E+22 1.18200000E+03
1.64694600E+22 1.18300000E+03
1.65199700E+22 1.18400000E+03
1.65705800E+22 1.18500000E+03
1.66212800E+22 1.18600000E+03
1.66721100E+22 1.18700000E+03
1.67230500E+22 1.18800000E+03
1.67741100E+22 1.18900000E+03
1.68253000E+22 1.19000000E+03
1.68765700E+22 1.19100000E+03
1.69279600E+22 1.19200000E+03
1.69794300E+22 1.19300000E+03
1.70310600E+22 1.19400000E+03
1.70827800E+22 1.19500000E+03
1.71345900E+22 1.19600000E+03
1.71865700E+22 1.19700000E+03
1.72386000E+22 1.19800000E+03
1.72907900E+22 1.19900000E+03
1.73430600E+22 1.20000000E+03
1.73954500E+22 1.20100000E+03
1.74479700E+22 1.20200000E+03
1.75005500E+22 1.20300000E+03
1.75533200E+22 1.20400000E+03
1.76061300E+22 1.20500000E+03
1.76591200E+22 1.20600000E+03
1.77121500E+22 1.20700000E+03
1.77653200E+22 1.20800000E+03
1.78186500E+22 1.20900000E+03
1.78720100E+22 1.21000000E+03
1.79255400E+22 1.21100000E+03
1.79791800E+22 1.21200000E+03
1.80329000E+22 1.21300000E+03
1.80867700E+22 1.21400000E+03
1.81407200E+22 1.21500000E+03
1.81947800E+22 1.21600000E+03
1.82489800E+22 1.21700000E+03
1.83033000E+22 1.21800000E+03
1.83577200E+22 1.21900000E+03
1.84122300E+22 1.22000000E+03
1.84669100E+22 1.22100000E+03
1.85216500E+22 1.22200000E+03
1.85765500E+22 1.22300000E+03
1.86315200E+22 1.22400000E+03
1.86865900E+22 1.22500000E+03
1.87418300E+22 1.22600000E+03
1.87971400E+22 1.22700000E+03
1.88526000E+22 1.22800000E+03
1.89081300E+22 1.22900000E+03
1.89638300E+22 1.23000000E+03
1.90195800E+22 1.23100000E+03
1.90754500E+22 1.23200000E+03
1.91314800E+22 1.23300000E+03
1.91876000E+22 1.23400000E+03
1.92438700E+22 1.23500000E+03
1.93001900E+22 1.23600000E+03
1.93566500E+22 1.23700000E+03
1.94132500E+22 1.23800000E+03
1.94699400E+22 1.23900000E+03
1.95267400E+22 1.24000000E+03
1.95836600E+22 1.24100000E+03
1.96406800E+22 1.24200000E+03
1.96978300E+22 1.24300000E+03
1.97551100E+22 1.24400000E+03
1.98124800E+22 1.24500000E+03
1.98699700E+22 1.24600000E+03
1.99275900E+22 1.24700000E+03
1.99853100E+22 1.24800000E+03
2.00431300E+22 1.24900000E+03
2.01011000E+22 1.25000000E+03
2.01591600E+22 1.25100000E+03
2.02173500E+22 1.25200000E+03
2.02756400E+22 1.25300000E+03
2.03340600E+22 1.25400000E+03
2.03925700E+22 1.25500000E+03
2.04512300E+22 1.25600000E+03
2.05100000E+22 1.25700000E+03
2.05688500E+22 1.25800000E+03
2.06278200E+22 1.25900000E+03
2.06869300E+22 1.26000000E+03
2.07461600E+22 1.26100000E+03
2.08055000E+22 1.26200000E+03
2.08649300E+22 1.26300000E+03
2.09245000E+22 1.26400000E+03
2.09841500E+22 1.26500000E+03
2.10439500E+22 1.26600000E+03
2.11038700E+22 1.26700000E+03
2.11638700E+22 1.26800000E+03
2.12240400E+22 1.26900000E+03
2.12842700E+22 1.27000000E+03
2.13446400E+22 1.27100000E+03
2.14051600E+22 1.27200000E+03
2.14657600E+22 1.27300000E+03
2.15264800E+22 1.27400000E+03
2.15872800E+22 1.27500000E+03
2.16482600E+22 1.27600000E+03
2.17092900E+22 1.27700000E+03
2.17705000E+22 1.27800000E+03
2.18317900E+22 1.27900000E+03
2.18931700E+22 1.28000000E+03
2.19547200E+22 1.28100000E+03
2.20163600E+22 1.28200000E+03
2.20781400E+22 1.28300000E+03
2.21399700E+22 1.28400000E+03
2.22019900E+22 1.28500000E+03
2.22640800E+22 1.28600000E+03
2.23263000E+22 1.28700000E+03
2.23886600E+22 1.28800000E+03
2.24510700E+22 1.28900000E+03
2.25136900E+22 1.29000000E+03
2.25763600E+22 1.29100000E+03
2.26391500E+22 1.29200000E+03
2.27020800E+22 1.29300000E+03
2.27650700E+22 1.29400000E+03
2.28282600E+22 1.29500000E+03
2.28914800E+22 1.29600000E+03
2.29548700E+22 1.29700000E+03
2.30183800E+22 1.29800000E+03
2.30820100E+22 1.29900000E+03
2.31457200E+22 1.30000000E+03
2.32095400E+22 1.30100000E+03
2.32735100E+22 1.30200000E+03
2.33376000E+22 1.30300000E+03
2.34017700E+22 1.30400000E+03
2.34660900E+22 1.30500000E+03
2.35304900E+22 1.30600000E+03
2.35950700E+22 1.30700000E+03
2.36597000E+22 1.30800000E+03
2.37244700E+22 1.30900000E+03
2.37893700E+22 1.31000000E+03
2.38543400E+22 1.31100000E+03
2.39195000E+22 1.31200000E+03
2.39847000E+22 1.31300000E+03
2.40500600E+22 1.31400000E+03
2.41155300E+22 1.31500000E+03
2.41811100E+22 1.31600000E+03
2.42468100E+22 1.31700000E+03
2.43125900E+22 1.31800000E+03
2.43785500E+22 1.31900000E+03
2.44446000E+22 1.32000000E+03
2.45107600E+22 1.32100000E+03
2.45770300E+22 1.32200000E+03
2.46434200E+22 1.32300000E+03
2.47099600E+22 1.32400000E+03
2.47765500E+22 1.32500000E+03
2.48432800E+22 1.32600000E+03
2.49101600E+22 1.32700000E+03
2.49770900E+22 1.32800000E+03
2.50442400E+22 1.32900000E+03
2.51114000E+22 1.33000000E+03
2.51787800E+22 1.33100000E+03
2.52461700E+22 1.33200000E+03
2.53137400E+22 1.33300000E+03
2.53814000E+22 1.33400000E+03
2.54491700E+22 1.33500000E+03
2.55170900E+22 1.33600000E+03
2.55850800E+22 1.33700000E+03
2.56532300E+22 1.33800000E+03
2.57214600E+22 1.33900000E+03
2.57898000E+22 1.34000000E+03
2.58582900E+22 1.34100000E+03
2.59268700E+22 1.34200000E+03
2.59956200E+22 1.34300000E+03
2.60644200E+22 1.34400000E+03
2.61333400E+22 1.34500000E+03
2.62024000E+22 1.34600000E+03
2.62715500E+22 1.34700000E+03
2.63408800E+22 1.34800000E+03
2.64102500E+22 1.34900000E+03
2.64797700E+22 1.35000000E+03
2.65494100E+22 1.35100000E+03
2.66191300E+22 1.35200000E+03
2.66889900E+22 1.35300000E+03
2.67589400E+22 1.35400000E+03
2.68290700E+22 1.35500000E+03
2.68992400E+22 1.35600000E+03
2.69695600E+22 1.35700000E+03
2.70400300E+22 1.35800000E+03
2.71105900E+22 1.35900000E+03
2.71812500E+22 1.36000000E+03
2.72519900E+22 1.36100000E+03
2.73228800E+22 1.36200000E+03
2.73938900E+22 1.36300000E+03
2.74650100E+22 1.36400000E+03
2.75362800E+22 1.36500000E+03
2.76075900E+22 1.36600000E+03
2.76790900E+22 1.36700000E+03
2.77506600E+22 1.36800000E+03
2.78223500E+22 1.36900000E+03
2.78941500E+22 1.37000000E+03
2.79660600E+22 1.37100000E+03
2.80381300E+22 1.37200000E+03
2.81102700E+22 1.37300000E+03
2.81825200E+22 1.37400000E+03
2.82548900E+22 1.37500000E+03
2.83274100E+22 1.37600000E+03
2.84000000E+22 1.37700000E+03
2.84727100E+22 1.37800000E+03
2.85455700E+22 1.37900000E+03
2.86185000E+22 1.38000000E+03
2.86915800E+22 1.38100000E+03
2.87647400E+22 1.38200000E+03
2.88380100E+22 1.38300000E+03
2.89114700E+22 1.38400000E+03
2.89849200E+22 1.38500000E+03
2.90585700E+22 1.38600000E+03
2.91323300E+22 1.38700000E+03
2.92061600E+22 1.38800000E+03
2.92801800E+22 1.38900000E+03
2.93542000E+22 1.39000000E+03
2.94284500E+22 1.39100000E+03
2.95027300E+22 1.39200000E+03
2.95771600E+22 1.39300000E+03
2.96517000E+22 1.39400000E+03
2.97263200E+22 1.39500000E+03
2.98011200E+22 1.39600000E+03
2.98759600E+22 1.39700000E+03
2.99509900E+22 1.39800000E+03
3.00260500E+22 1.39900000E+03
3.01012600E+22 1.40000000E+03
3.01765900E+22 1.40100000E+03
3.02519800E+22 1.40200000E+03
3.03275700E+22 1.40300000E+03
3.04031900E+22 1.40400000E+03
3.04789500E+22 1.40500000E+03
3.05548700E+22 1.40600000E+03
3.06308600E+22 1.40700000E+03
3.07069600E+22 1.40800000E+03
3.07831300E+22 1.40900000E+03
3.08595400E+22 1.41000000E+03
3.09359300E+22 1.41100000E+03
3.10124700E+22 1.41200000E+03
3.10891700E+22 1.41300000E+03
3.11658800E+22 1.41400000E+03
3.12428000E+22 1.41500000E+03
3.13197800E+22 1.41600000E+03
3.13968700E+22 1.41700000E+03
3.14741200E+22 1.41800000E+03
3.15514300E+22 1.41900000E+03
3.16288900E+22 1.42000000E+03
3.17063800E+22 1.42100000E+03
3.17840600E+22 1.42200000E+03
3.18618100E+22 1.42300000E+03
3.19397100E+22 1.42400000E+03
3.20177200E+22 1.42500000E+03
3.20957500E+22 1.42600000E+03
3.21740200E+22 1.42700000E+03
3.22523100E+22 1.42800000E+03
3.23307600E+22 1.42900000E+03
3.24092600E+22 1.43000000E+03
3.24878800E+22 1.43100000E+03
3.25667000E+22 1.43200000E+03
3.26455300E+22 1.43300000E+03
3.27245100E+22 1.43400000E+03
3.28035600E+22 1.43500000E+03
3.28827600E+22 1.43600000E+03
3.29620700E+22 1.43700000E+03
3.30414400E+22 1.43800000E+03
3.31209700E+22 1.43900000E+03
3.32006000E+22 1.44000000E+03
3.32803400E+22 1.44100000E+03
3.33601800E+22 1.44200000E+03
3.34400900E+22 1.44300000E+03
3.35201900E+22 1.44400000E+03
3.36003100E+22 1.44500000E+03
3.36806300E+22 1.44600000E+03
3.37610100E+22 1.44700000E+03
3.38414400E+22 1.44800000E+03
3.39220800E+22 1.44900000E+03
3.40027300E+22 1.45000000E+03
3.40835800E+22 1.45100000E+03
3.41644900E+22 1.45200000E+03
3.42455500E+22 1.45300000E+03
3.43266200E+22 1.45400000E+03
3.44078400E+22 1.45500000E+03
3.44892200E+22 1.45600000E+03
3.45706100E+22 1.45700000E+03
3.46522400E+22 1.45800000E+03
3.47338400E+22 1.45900000E+03
3.48156300E+22 1.46000000E+03
3.48974800E+22 1.46100000E+03
3.49794400E+22 1.46200000E+03
3.50615500E+22 1.46300000E+03
3.51436700E+22 1.46400000E+03
3.52259800E+22 1.46500000E+03
3.53084000E+22 1.46600000E+03
3.53908800E+22 1.46700000E+03
3.54735100E+22 1.46800000E+03
3.55561900E+22 1.46900000E+03
3.56390200E+22 1.47000000E+03
3.57219100E+22 1.47100000E+03
3.58049500E+22 1.47200000E+03
3.58881000E+22 1.47300000E+03
3.59712400E+22 1.47400000E+03
3.60546400E+22 1.47500000E+03
3.61380400E+22 1.47600000E+03
3.62215900E+22 1.47700000E+03
3.63052500E+22 1.47800000E+03
3.63890000E+22 1.47900000E+03
3.64728100E+22 1.48000000E+03
3.65567200E+22 1.48100000E+03
3.66407800E+22 1.48200000E+03
3.67249400E+22 1.48300000E+03
3.68092000E+22 1.48400000E+03
3.68935600E+22 1.48500000E+03
3.69779700E+22 1.48600000E+03
3.70625900E+22 1.48700000E+03
3.71472000E+22 1.48800000E+03
3.72320200E+22 1.48900000E+03
3.73168800E+22 1.49000000E+03
3.74017900E+22 1.49100000E+03
3.74869000E+22 1.49200000E+03
3.75720200E+22 1.49300000E+03
3.76572800E+22 1.49400000E+03
3.77426900E+22 1.49500000E+03
3.78281500E+22 1.49600000E+03
3.79137100E+22 1.49700000E+03
3.79993600E+22 1.49800000E+03
3.80851700E+22 1.49900000E+03
3.81710200E+22 1.50000000E+03
3.82569700E+22 1.50100000E+03
3.83430200E+22 1.50200000E+03
3.84291600E+22 1.50300000E+03
3.85154600E+22 1.50400000E+03
3.86018000E+22 1.50500000E+03
3.86882900E+22 1.50600000E+03
3.87748200E+22 1.50700000E+03
3.88614500E+22 1.50800000E+03
3.89482300E+22 1.50900000E+03
3.90350000E+22 1.51000000E+03
3.91220200E+22 1.51100000E+03
3.92090400E+22 1.51200000E+03
3.92962000E+22 1.51300000E+03
3.93834100E+22 1.51400000E+03
3.94707600E+22 1.51500000E+03
3.95582100E+22 1.51600000E+03
3.96456500E+22 1.51700000E+03
3.97333400E+22 1.51800000E+03
3.98210200E+22 1.51900000E+03
3.99088500E+22 1.52000000E+03
3.99967700E+22 1.52100000E+03
4.00847300E+22 1.52200000E+03
4.01728400E+22 1.52300000E+03
4.02609800E+22 1.52400000E+03
4.03492800E+22 1.52500000E+03
4.04376700E+22 1.52600000E+03
4.05261500E+22 1.52700000E+03
4.06147200E+22 1.52800000E+03
4.07033300E+22 1.52900000E+03
4.07922000E+22 1.53000000E+03
4.08810000E+22 1.53100000E+03
4.09699400E+22 1.53200000E+03
4.10589700E+22 1.53300000E+03
4.11480400E+22 1.53400000E+03
4.12373100E+22 1.53500000E+03
4.13265700E+22 1.53600000E+03
4.14160200E+22 1.53700000E+03
4.15055100E+22 1.53800000E+03
4.15950800E+22 1.53900000E+03
4.16848100E+22 1.54000000E+03
4.17745100E+22 1.54100000E+03
4.18643600E+22 1.54200000E+03
4.19543500E+22 1.54300000E+03
4.20443700E+22 1.54400000E+03
4.21344900E+22 1.54500000E+03
4.22246900E+22 1.54600000E+03
4.23150400E+22 1.54700000E+03
4.24054200E+22 1.54800000E+03
4.24958800E+22 1.54900000E+03
4.25865000E+22 1.55000000E+03
4.26770800E+22 1.55100000E+03
4.27679200E+22 1.55200000E+03
4.28586800E+22 1.55300000E+03
4.29497000E+22 1.55400000E+03
4.30406900E+22 1.55500000E+03
4.31317600E+22 1.55600000E+03
4.32229800E+22 1.55700000E+03
4.33142300E+22 1.55800000E+03
4.34056800E+22 1.55900000E+03
4.34970400E+22 1.56000000E+03
4.35886600E+22 1.56100000E+03
4.36802400E+22 1.56200000E+03
4.37719100E+22 1.56300000E+03
4.38637900E+22 1.56400000E+03
4.39556300E+22 1.56500000E+03
4.40476700E+22 1.56600000E+03
4.41396800E+22 1.56700000E+03
4.42317600E+22 1.56800000E+03
4.43240000E+22 1.56900000E+03
4.44162500E+22 1.57000000E+03
4.45087100E+22 1.57100000E+03
4.46011300E+22 1.57200000E+03
4.46938100E+22 1.57300000E+03
4.47863900E+22 1.57400000E+03
4.48791200E+22 1.57500000E+03
4.49719300E+22 1.57600000E+03
4.50647500E+22 1.57700000E+03
4.51577800E+22 1.57800000E+03
4.52507700E+22 1.57900000E+03
4.53439600E+22 1.58000000E+03
4.54371600E+22 1.58100000E+03
4.55304500E+22 1.58200000E+03
4.56238800E+22 1.58300000E+03
4.57172700E+22 1.58400000E+03
4.58107900E+22 1.58500000E+03
4.59043900E+22 1.58600000E+03
4.59981400E+22 1.58700000E+03
4.60919000E+22 1.58800000E+03
4.61857300E+22 1.58900000E+03
4.62797100E+22 1.59000000E+03
4.63737000E+22 1.59100000E+03
4.64677700E+22 1.59200000E+03
4.65619800E+22 1.59300000E+03
4.66561400E+22 1.59400000E+03
4.67505600E+22 1.59500000E+03
4.68449300E+22 1.59600000E+03
4.69393800E+22 1.59700000E+03
4.70339700E+22 1.59800000E+03
4.71285700E+22 1.59900000E+03
4.72233000E+22 1.60000000E+03
4.73180500E+22 1.60100000E+03
4.74129400E+22 1.60200000E+03
4.75078300E+22 1.60300000E+03
4.76028600E+22 1.60400000E+03
4.76979700E+22 1.60500000E+03
4.77930800E+22 1.60600000E+03
4.78884000E+22 1.60700000E+03
4.79835900E+22 1.60800000E+03
4.80789900E+22 1.60900000E+03
4.81744600E+22 1.61000000E+03
4.82699300E+22 1.61100000E+03
4.83656000E+22 1.61200000E+03
4.84612200E+22 1.61300000E+03
4.85570400E+22 1.61400000E+03
4.86527900E+22 1.61500000E+03
4.87486800E+22 1.61600000E+03
4.88447100E+22 1.61700000E+03
4.89406800E+22 1.61800000E+03
4.90368400E+22 1.61900000E+03
4.91329400E+22 1.62000000E+03
4.92292500E+22 1.62100000E+03
4.93254800E+22 1.62200000E+03
4.94219200E+22 1.62300000E+03
4.95183600E+22 1.62400000E+03
4.96148000E+22 1.62500000E+03
4.97114400E+22 1.62600000E+03
4.98080800E+22 1.62700000E+03
4.99047900E+22 1.62800000E+03
5.00015600E+22 1.62900000E+03
5.00984700E+22 1.63000000E+03
5.01953700E+22 1.63100000E+03
5.02923400E+22 1.63200000E+03
5.03894400E+22 1.63300000E+03
5.04865400E+22 1.63400000E+03
5.05837000E+22 1.63500000E+03
5.06809900E+22 1.63600000E+03
5.07782100E+22 1.63700000E+03
5.08757000E+22 1.63800000E+03
5.09730400E+22 1.63900000E+03
5.10705900E+22 1.64000000E+03
5.11681900E+22 1.64100000E+03
5.12657900E+22 1.64200000E+03
5.13635200E+22 1.64300000E+03
5.14612400E+22 1.64400000E+03
5.15590300E+22 1.64500000E+03
5.16569400E+22 1.64600000E+03
5.17549100E+22 1.64700000E+03
5.18529400E+22 1.64800000E+03
5.19509700E+22 1.64900000E+03
5.20491200E+22 1.65000000E+03
5.21472600E+22 1.65100000E+03
5.22455200E+22 1.65200000E+03
5.23438500E+22 1.65300000E+03
5.24421600E+22 1.65400000E+03
5.25406700E+22 1.65500000E+03
5.26391000E+22 1.65600000E+03
5.27376600E+22 1.65700000E+03
5.28362700E+22 1.65800000E+03
5.29349300E+22 1.65900000E+03
5.30336600E+22 1.66000000E+03
5.31323600E+22 1.66100000E+03
5.32312700E+22 1.66200000E+03
5.33301600E+22 1.66300000E+03
5.34291000E+22 1.66400000E+03
5.35280900E+22 1.66500000E+03
5.36270700E+22 1.66600000E+03
5.37263200E+22 1.66700000E+03
5.38254000E+22 1.66800000E+03
5.39246800E+22 1.66900000E+03
5.40238700E+22 1.67000000E+03
5.41231800E+22 1.67100000E+03
5.42226200E+22 1.67200000E+03
5.43220400E+22 1.67300000E+03
5.44215700E+22 1.67400000E+03
5.45210200E+22 1.67500000E+03
5.46207300E+22 1.67600000E+03
5.47202700E+22 1.67700000E+03
5.48199400E+22 1.67800000E+03
5.49197200E+22 1.67900000E+03
5.50194800E+22 1.68000000E+03
5.51194400E+22 1.68100000E+03
5.52192300E+22 1.68200000E+03
5.53192100E+22 1.68300000E+03
5.54191600E+22 1.68400000E+03
5.55192300E+22 1.68500000E+03
5.56193500E+22 1.68600000E+03
5.57194400E+22 1.68700000E+03
5.58195800E+22 1.68800000E+03
5.59198400E+22 1.68900000E+03
5.60201400E+22 1.69000000E+03
5.61204100E+22 1.69100000E+03
5.62207300E+22 1.69200000E+03
5.63212400E+22 1.69300000E+03
5.64216400E+22 1.69400000E+03
5.65221600E+22 1.69500000E+03
5.66227300E+22 1.69600000E+03
5.67232600E+22 1.69700000E+03
5.68239800E+22 1.69800000E+03
5.69246000E+22 1.69900000E+03
5.70253300E+22 1.70000000E+03
5.71261000E+22 1.70100000E+03
5.72269100E+22 1.70200000E+03
5.73277600E+22 1.70300000E+03
5.74285800E+22 1.70400000E+03
5.75295100E+22 1.70500000E+03
5.76304800E+22 1.70600000E+03
5.77315600E+22 1.70700000E+03
5.78326100E+22 1.70800000E+03
5.79336200E+22 1.70900000E+03
5.80348200E+22 1.71000000E+03
5.81359700E+22 1.71100000E+03
5.82371700E+22 1.71200000E+03
5.83384000E+22 1.71300000E+03
5.84396700E+22 1.71400000E+03
5.85410500E+22 1.71500000E+03
5.86423000E+22 1.71600000E+03
5.87437500E+22 1.71700000E+03
5.88451600E+22 1.71800000E+03
5.89466800E+22 1.71900000E+03
5.90481500E+22 1.72000000E+03
5.91496500E+22 1.72100000E+03
5.92512700E+22 1.72200000E+03
5.93528400E+22 1.72300000E+03
5.94544400E+22 1.72400000E+03
5.95561500E+22 1.72500000E+03
5.96577400E+22 1.72600000E+03
5.97595900E+22 1.72700000E+03
5.98613200E+22 1.72800000E+03
5.99631500E+22 1.72900000E+03
6.00649300E+22 1.73000000E+03
6.01668200E+22 1.73100000E+03
6.02687400E+22 1.73200000E+03
6.03705300E+22 1.73300000E+03
6.04725900E+22 1.73400000E+03
6.05745100E+22 1.73500000E+03
6.06765400E+22 1.73600000E+03
6.07786000E+22 1.73700000E+03
6.08807600E+22 1.73800000E+03
6.09827900E+22 1.73900000E+03
6.10847700E+22 1.74000000E+03
6.11870100E+22 1.74100000E+03
6.12891100E+22 1.74200000E+03
6.13914000E+22 1.74300000E+03
6.14935500E+22 1.74400000E+03
6.15957200E+22 1.74500000E+03
6.16980800E+22 1.74600000E+03
6.18003800E+22 1.74700000E+03
6.19027800E+22 1.74800000E+03
6.20050400E+22 1.74900000E+03
6.21074000E+22 1.75000000E+03
6.22097900E+22 1.75100000E+03
6.23121900E+22 1.75200000E+03
6.24146200E+22 1.75300000E+03
6.25170600E+22 1.75400000E+03
6.26196100E+22 1.75500000E+03
6.27220900E+22 1.75600000E+03
6.28245900E+22 1.75700000E+03
6.29271900E+22 1.75800000E+03
6.30296400E+22 1.75900000E+03
6.31321900E+22 1.76000000E+03
6.32348400E+22 1.76100000E+03
6.33373400E+22 1.76200000E+03
6.34400200E+22 1.76300000E+03
6.35427200E+22 1.76400000E+03
6.36454300E+22 1.76500000E+03
6.37479900E+22 1.76600000E+03
6.38507300E+22 1.76700000E+03
6.39534000E+22 1.76800000E+03
6.40560800E+22 1.76900000E+03
6.41588600E+22 1.77000000E+03
6.42615600E+22 1.77100000E+03
6.43642800E+22 1.77200000E+03
6.44671800E+22 1.77300000E+03
6.45699200E+22 1.77400000E+03
6.46727500E+22 1.77500000E+03
6.47755100E+22 1.77600000E+03
6.48784500E+22 1.77700000E+03
6.49812300E+22 1.77800000E+03
6.50839300E+22 1.77900000E+03
6.51869000E+22 1.78000000E+03
6.52897900E+22 1.78100000E+03
6.53926800E+22 1.78200000E+03
6.54955000E+22 1.78300000E+03
6.55984900E+22 1.78400000E+03
6.57013200E+22 1.78500000E+03
6.58041500E+22 1.78600000E+03
6.59071600E+22 1.78700000E+03
6.60100000E+22 1.78800000E+03
6.61129400E+22 1.78900000E+03
6.62158700E+22 1.79000000E+03
6.63189000E+22 1.79100000E+03
6.64218400E+22 1.79200000E+03
6.65247000E+22 1.79300000E+03
6.66277300E+22 1.79400000E+03
6.67305900E+22 1.79500000E+03
6.68335400E+22 1.79600000E+03
6.69365800E+22 1.79700000E+03
6.70396100E+22 1.79800000E+03
6.71424800E+22 1.79900000E+03
6.72455100E+22 1.80000000E+03
6.73484600E+22 1.80100000E+03
6.74513100E+22 1.80200000E+03
6.75543400E+22 1.80300000E+03
6.76572800E+22 1.80400000E+03
6.77602200E+22 1.80500000E+03
6.78631500E+22 1.80600000E+03
6.79662600E+22 1.80700000E+03
6.80691800E+22 1.80800000E+03
6.81721000E+22 1.80900000E+03
6.82750100E+22 1.81000000E+03
6.83780100E+22 1.81100000E+03
6.84809100E+22 1.81200000E+03
6.85838000E+22 1.81300000E+03
6.86867800E+22 1.81400000E+03
6.87895700E+22 1.81500000E+03
6.88926200E+22 1.81600000E+03
6.89955700E+22 1.81700000E+03
6.90985100E+22 1.81800000E+03
6.92012600E+22 1.81900000E+03
6.93041800E+22 1.82000000E+03
6.94070900E+22 1.82100000E+03
6.95099000E+22 1.82200000E+03
6.96128800E+22 1.82300000E+03
6.97157600E+22 1.82400000E+03
6.98185300E+22 1.82500000E+03
6.99212900E+22 1.82600000E+03
7.00242200E+22 1.82700000E+03
7.01269600E+22 1.82800000E+03
7.02296700E+22 1.82900000E+03
7.03325600E+22 1.83000000E+03
7.04353400E+22 1.83100000E+03
7.05380100E+22 1.83200000E+03
7.06408500E+22 1.83300000E+03
7.07435800E+22 1.83400000E+03
7.08463000E+22 1.83500000E+03
7.09489000E+22 1.83600000E+03
7.10516700E+22 1.83700000E+03
7.11543300E+22 1.83800000E+03
7.12568800E+22 1.83900000E+03
7.13595900E+22 1.84000000E+03
7.14621900E+22 1.84100000E+03
7.15648600E+22 1.84200000E+03
7.16673300E+22 1.84300000E+03
7.17699600E+22 1.84400000E+03
7.18724800E+22 1.84500000E+03
7.19749700E+22 1.84600000E+03
7.20775300E+22 1.84700000E+03
7.21798800E+22 1.84800000E+03
7.22823100E+22 1.84900000E+03
7.23848000E+22 1.85000000E+03
7.24872700E+22 1.85100000E+03
7.25896100E+22 1.85200000E+03
7.26920300E+22 1.85300000E+03
7.27943200E+22 1.85400000E+03
7.28965900E+22 1.85500000E+03
7.29988300E+22 1.85600000E+03
7.31011400E+22 1.85700000E+03
7.32035200E+22 1.85800000E+03
7.33056700E+22 1.85900000E+03
7.34078000E+22 1.86000000E+03
7.35099900E+22 1.86100000E+03
7.36120600E+22 1.86200000E+03
7.37141900E+22 1.86300000E+03
7.38161900E+22 1.86400000E+03
7.39181700E+22 1.86500000E+03
7.40202000E+22 1.86600000E+03
7.41223000E+22 1.86700000E+03
7.42242700E+22 1.86800000E+03
7.43261100E+22 1.86900000E+03
7.44280200E+22 1.87000000E+03
7.45298800E+22 1.87100000E+03
7.46316200E+22 1.87200000E+03
7.47334200E+22 1.87300000E+03
7.48351800E+22 1.87400000E+03
7.49368100E+22 1.87500000E+03
7.50385900E+22 1.87600000E+03
7.51402400E+22 1.87700000E+03
7.52418600E+22 1.87800000E+03
7.53433300E+22 1.87900000E+03
7.54449700E+22 1.88000000E+03
7.55464600E+22 1.88100000E+03
7.56478200E+22 1.88200000E+03
7.57494300E+22 1.88300000E+03
7.58508000E+22 1.88400000E+03
7.59521300E+22 1.88500000E+03
7.60533300E+22 1.88600000E+03
7.61546700E+22 1.88700000E+03
7.62558800E+22 1.88800000E+03
7.63570400E+22 1.88900000E+03
7.64582500E+22 1.89000000E+03
7.65592300E+22 1.89100000E+03
7.66603500E+22 1.89200000E+03
7.67613300E+22 1.89300000E+03
7.68623700E+22 1.89400000E+03
7.69632600E+22 1.89500000E+03
7.70641000E+22 1.89600000E+03
7.71651000E+22 1.89700000E+03
7.72657400E+22 1.89800000E+03
7.73665400E+22 1.89900000E+03
7.74671900E+22 1.90000000E+03
7.75678900E+22 1.90100000E+03
7.76685400E+22 1.90200000E+03
7.77690400E+22 1.90300000E+03
7.78695900E+22 1.90400000E+03
7.79699800E+22 1.90500000E+03
7.80704300E+22 1.90600000E+03
7.81708200E+22 1.90700000E+03
7.82709600E+22 1.90800000E+03
7.83712500E+22 1.90900000E+03
7.84714800E+22 1.91000000E+03
7.85717600E+22 1.91100000E+03
7.86717800E+22 1.91200000E+03
7.87718500E+22 1.91300000E+03
7.88718600E+22 1.91400000E+03
7.89717100E+22 1.91500000E+03
7.90716100E+22 1.91600000E+03
7.91714500E+22 1.91700000E+03
7.92713400E+22 1.91800000E+03
7.93709600E+22 1.91900000E+03
7.94707300E+22 1.92000000E+03
7.95703300E+22 1.92100000E+03
7.96697700E+22 1.92200000E+03
7.97692600E+22 1.92300000E+03
7.98686800E+22 1.92400000E+03
7.99680500E+22 1.92500000E+03
8.00673500E+22 1.92600000E+03
8.01666900E+22 1.92700000E+03
8.02658600E+22 1.92800000E+03
8.03649700E+22 1.92900000E+03
8.04640200E+22 1.93000000E+03
8.05630000E+22 1.93100000E+03
8.06619200E+22 1.93200000E+03
8.07607700E+22 1.93300000E+03
8.08596600E+22 1.93400000E+03
8.09582800E+22 1.93500000E+03
8.10571400E+22 1.93600000E+03
8.11557300E+22 1.93700000E+03
8.12543500E+22 1.93800000E+03
8.13526900E+22 1.93900000E+03
8.14511700E+22 1.94000000E+03
8.15494800E+22 1.94100000E+03
8.16477200E+22 1.94200000E+03
8.17461000E+22 1.94300000E+03
8.18442000E+22 1.94400000E+03
8.19423300E+22 1.94500000E+03
8.20402800E+22 1.94600000E+03
8.21382700E+22 1.94700000E+03
8.22360800E+22 1.94800000E+03
8.23338100E+22 1.94900000E+03
8.24316800E+22 1.95000000E+03
8.25292600E+22 1.95100000E+03
8.26268800E+22 1.95200000E+03
8.27244200E+22 1.95300000E+03
8.28218800E+22 1.95400000E+03
8.29191700E+22 1.95500000E+03
8.30163700E+22 1.95600000E+03
8.31137100E+22 1.95700000E+03
8.32107500E+22 1.95800000E+03
8.33078300E+22 1.95900000E+03
8.34048300E+22 1.96000000E+03
8.35018500E+22 1.96100000E+03
8.35985800E+22 1.96200000E+03
8.36953400E+22 1.96300000E+03
8.37921200E+22 1.96400000E+03
8.38886000E+22 1.96500000E+03
8.39851100E+22 1.96600000E+03
8.40815400E+22 1.96700000E+03
8.41778800E+22 1.96800000E+03
8.42741500E+22 1.96900000E+03
8.43703200E+22 1.97000000E+03
8.44665200E+22 1.97100000E+03
8.45625300E+22 1.97200000E+03
8.46584500E+22 1.97300000E+03
8.47543900E+22 1.97400000E+03
8.48500300E+22 1.97500000E+03
8.49456900E+22 1.97600000E+03
8.50413700E+22 1.97700000E+03
8.51369600E+22 1.97800000E+03
8.52323600E+22 1.97900000E+03
8.53276600E+22 1.98000000E+03
8.54229900E+22 1.98100000E+03
8.55180000E+22 1.98200000E+03
8.56131500E+22 1.98300000E+03
8.57080900E+22 1.98400000E+03
8.58029400E+22 1.98500000E+03
8.58978100E+22 1.98600000E+03
8.59925900E+22 1.98700000E+03
8.60872700E+22 1.98800000E+03
8.61817500E+22 1.98900000E+03
8.62762400E+22 1.99000000E+03
8.63705300E+22 1.99100000E+03
8.64647200E+22 1.99200000E+03
8.65589300E+22 1.99300000E+03
8.66530400E+22 1.99400000E+03
8.67469500E+22 1.99500000E+03
8.68409800E+22 1.99600000E+03
8.69346800E+22 1.99700000E+03
8.70284100E+22 1.99800000E+03
8.71219200E+22 1.99900000E+03
8.72155500E+22 2.00000000E+03
8.73088600E+22 2.00100000E+03
8.74020700E+22 2.00200000E+03
8.74955200E+22 2.00300000E+03
8.75885300E+22 2.00400000E+03
8.76816600E+22 2.00500000E+03
8.77744600E+22 2.00600000E+03
8.78673900E+22 2.00700000E+03
8.79599900E+22 2.00800000E+03
8.80524800E+22 2.00900000E+03
8.81450900E+22 2.01000000E+03
8.82374900E+22 2.01100000E+03
8.83297800E+22 2.01200000E+03
8.84219700E+22 2.01300000E+03
8.85142700E+22 2.01400000E+03
8.86061300E+22 2.01500000E+03
8.86978800E+22 2.01600000E+03
8.87897500E+22 2.01700000E+03
8.88814000E+22 2.01800000E+03
8.89729400E+22 2.01900000E+03
8.90644800E+22 2.02000000E+03
8.91559200E+22 2.02100000E+03
8.92471300E+22 2.02200000E+03
8.93382200E+22 2.02300000E+03
8.94293300E+22 2.02400000E+03
8.95200900E+22 2.02500000E+03
8.96109600E+22 2.02600000E+03
8.97017300E+22 2.02700000E+03
8.97921500E+22 2.02800000E+03
8.98826900E+22 2.02900000E+03
8.99731100E+22 2.03000000E+03
9.00634200E+22 2.03100000E+03
9.01534900E+22 2.03200000E+03
9.02435700E+22 2.03300000E+03
9.03334200E+22 2.03400000E+03
9.04231400E+22 2.03500000E+03
9.05128700E+22 2.03600000E+03
9.06024800E+22 2.03700000E+03
9.06918500E+22 2.03800000E+03
9.07813400E+22 2.03900000E+03
9.08704800E+22 2.04000000E+03
9.09596100E+22 2.04100000E+03
9.10485000E+22 2.04200000E+03
9.11374000E+22 2.04300000E+03
9.12261700E+22 2.04400000E+03
9.13147000E+22 2.04500000E+03
9.14033400E+22 2.04600000E+03
9.14918600E+22 2.04700000E+03
9.15801400E+22 2.04800000E+03
9.16681800E+22 2.04900000E+03
9.17562100E+22 2.05000000E+03
9.18441200E+22 2.05100000E+03
9.19317900E+22 2.05200000E+03
9.20195600E+22 2.05300000E+03
9.21070900E+22 2.05400000E+03
9.21944900E+22 2.05500000E+03
9.22817700E+22 2.05600000E+03
9.23689200E+22 2.05700000E+03
9.24560600E+22 2.05800000E+03
9.25428300E+22 2.05900000E+03
9.26297100E+22 2.06000000E+03
9.27163500E+22 2.06100000E+03
9.28028500E+22 2.06200000E+03
9.28893400E+22 2.06300000E+03
9.29755900E+22 2.06400000E+03
9.30618200E+22 2.06500000E+03
9.31476800E+22 2.06600000E+03
9.32336400E+22 2.06700000E+03
9.33193500E+22 2.06800000E+03
9.34050500E+22 2.06900000E+03
9.34906200E+22 2.07000000E+03
9.35758100E+22 2.07100000E+03
9.36611100E+22 2.07200000E+03
9.37462700E+22 2.07300000E+03
9.38311700E+22 2.07400000E+03
9.39160600E+22 2.07500000E+03
9.40006900E+22 2.07600000E+03
9.40853100E+22 2.07700000E+03
9.41696700E+22 2.07800000E+03
9.42540100E+22 2.07900000E+03
9.43382100E+22 2.08000000E+03
9.44222700E+22 2.08100000E+03
9.45060700E+22 2.08200000E+03
9.45898500E+22 2.08300000E+03
9.46734900E+22 2.08400000E+03
9.47568700E+22 2.08500000E+03
9.48402300E+22 2.08600000E+03
9.49234500E+22 2.08700000E+03
9.50064100E+22 2.08800000E+03
9.50893400E+22 2.08900000E+03
9.51722500E+22 2.09000000E+03
9.52548900E+22 2.09100000E+03
9.53373900E+22 2.09200000E+03
9.54197500E+22 2.09300000E+03
9.55019600E+22 2.09400000E+03
9.55839000E+22 2.09500000E+03
9.56658200E+22 2.09600000E+03
9.57477200E+22 2.09700000E+03
9.58292200E+22 2.09800000E+03
9.59108200E+22 2.09900000E+03
9.59921500E+22 2.10000000E+03
9.60734500E+22 2.10100000E+03
9.61543600E+22 2.10200000E+03
9.62352500E+22 2.10300000E+03
9.63161000E+22 2.10400000E+03
9.63965600E+22 2.10500000E+03
9.64771200E+22 2.10600000E+03
9.65575200E+22 2.10700000E+03
9.66377700E+22 2.10800000E+03
9.67176300E+22 2.10900000E+03
9.67975800E+22 2.11000000E+03
9.68772500E+22 2.11100000E+03
9.69567700E+22 2.11200000E+03
9.70361300E+22 2.11300000E+03
9.71154600E+22 2.11400000E+03
9.71946400E+22 2.11500000E+03
9.72735400E+22 2.11600000E+03
9.73524100E+22 2.11700000E+03
9.74311200E+22 2.11800000E+03
9.75095500E+22 2.11900000E+03
9.75878300E+22 2.12000000E+03
9.76660700E+22 2.12100000E+03
9.77441500E+22 2.12200000E+03
9.78220700E+22 2.12300000E+03
9.78997100E+22 2.12400000E+03
9.79773200E+22 2.12500000E+03
9.80547700E+22 2.12600000E+03
9.81320500E+22 2.12700000E+03
9.82090500E+22 2.12800000E+03
9.82860200E+22 2.12900000E+03
9.83628200E+22 2.13000000E+03
9.84393400E+22 2.13100000E+03
9.85158200E+22 2.13200000E+03
9.85922600E+22 2.13300000E+03
9.86684100E+22 2.13400000E+03
9.87442700E+22 2.13500000E+03
9.88202200E+22 2.13600000E+03
9.88958800E+22 2.13700000E+03
9.89712500E+22 2.13800000E+03
9.90465800E+22 2.13900000E+03
9.91217500E+22 2.14000000E+03
9.91968700E+22 2.14100000E+03
9.92717000E+22 2.14200000E+03
9.93463600E+22 2.14300000E+03
9.94208600E+22 2.14400000E+03
9.94951900E+22 2.14500000E+03
9.95693500E+22 2.14600000E+03
9.96433400E+22 2.14700000E+03
9.97171600E+22 2.14800000E+03
9.97908100E+22 2.14900000E+03
9.98645500E+22 2.15000000E+03
9.99378600E+22 2.15100000E+03
1.00011000E+23 2.15200000E+03
1.00084000E+23 2.15300000E+03
1.00156900E+23 2.15400000E+03
1.00229400E+23 2.15500000E+03
1.00302000E+23 2.15600000E+03
1.00374400E+23 2.15700000E+03
1.00446300E+23 2.15800000E+03
1.00518500E+23 2.15900000E+03
1.00590400E+23 2.16000000E+03
1.00662000E+23 2.16100000E+03
1.00733400E+23 2.16200000E+03
1.00804800E+23 2.16300000E+03
1.00875900E+23 2.16400000E+03
1.00946800E+23 2.16500000E+03
1.01017500E+23 2.16600000E+03
1.01088300E+23 2.16700000E+03
1.01158800E+23 2.16800000E+03
1.01228900E+23 2.16900000E+03
1.01299100E+23 2.17000000E+03
1.01369000E+23 2.17100000E+03
1.01438800E+23 2.17200000E+03
1.01508300E+23 2.17300000E+03
1.01577600E+23 2.17400000E+03
1.01646800E+23 2.17500000E+03
1.01715900E+23 2.17600000E+03
1.01784700E+23 2.17700000E+03
1.01853400E+23 2.17800000E+03
1.01921900E+23 2.17900000E+03
1.01990200E+23 2.18000000E+03
1.02058300E+23 2.18100000E+03
1.02126300E+23 2.18200000E+03
1.02194000E+23 2.18300000E+03
1.02261600E+23 2.18400000E+03
1.02329000E+23 2.18500000E+03
1.02396300E+23 2.18600000E+03
1.02463400E+23 2.18700000E+03
1.02530100E+23 2.18800000E+03
1.02596900E+23 2.18900000E+03
1.02663300E+23 2.19000000E+03
1.02729500E+23 2.19100000E+03
1.02795700E+23 2.19200000E+03
1.02861700E+23 2.19300000E+03
1.02927600E+23 2.19400000E+03
1.02993000E+23 2.19500000E+03
1.03058400E+23 2.19600000E+03
1.03123700E+23 2.19700000E+03
1.03188500E+23 2.19800000E+03
1.03253400E+23 2.19900000E+03
1.03318000E+23 2.20000000E+03
1.03382700E+23 2.20100000E+03
1.03446900E+23 2.20200000E+03
1.03510900E+23 2.20300000E+03
1.03574800E+23 2.20400000E+03
1.03638400E+23 2.20500000E+03
1.03701900E+23 2.20600000E+03
1.03765200E+23 2.20700000E+03
1.03828300E+23 2.20800000E+03
1.03891200E+23 2.20900000E+03
1.03954200E+23 2.21000000E+03
1.04016800E+23 2.21100000E+03
1.04079000E+23 2.21200000E+03
1.04141100E+23 2.21300000E+03
1.04203100E+23 2.21400000E+03
1.04264800E+23 2.21500000E+03
1.04326400E+23 2.21600000E+03
1.04387800E+23 2.21700000E+03
1.04449000E+23 2.21800000E+03
1.04510200E+23 2.21900000E+03
1.04571000E+23 2.22000000E+03
1.04631600E+23 2.22100000E+03
1.04691900E+23 2.22200000E+03
1.04752200E+23 2.22300000E+03
1.04812200E+23 2.22400000E+03
1.04872000E+23 2.22500000E+03
1.04931800E+23 2.22600000E+03
1.04991200E+23 2.22700000E+03
1.05050500E+23 2.22800000E+03
1.05109400E+23 2.22900000E+03
1.05168300E+23 2.23000000E+03
1.05227000E+23 2.23100000E+03
1.05285400E+23 2.23200000E+03
1.05343700E+23 2.23300000E+03
1.05401600E+23 2.23400000E+03
1.05459600E+23 2.23500000E+03
1.05517200E+23 2.23600000E+03
1.05574800E+23 2.23700000E+03
1.05632000E+23 2.23800000E+03
1.05689100E+23 2.23900000E+03
1.05745900E+23 2.24000000E+03
1.05802500E+23 2.24100000E+03
1.05858900E+23 2.24200000E+03
1.05915200E+23 2.24300000E+03
1.05971200E+23 2.24400000E+03
1.06027100E+23 2.24500000E+03
1.06082800E+23 2.24600000E+03
1.06138300E+23 2.24700000E+03
1.06193300E+23 2.24800000E+03
1.06248400E+23 2.24900000E+03
1.06303300E+23 2.25000000E+03
1.06357800E+23 2.25100000E+03
1.06412100E+23 2.25200000E+03
1.06466500E+23 2.25300000E+03
1.06520500E+23 2.25400000E+03
1.06574200E+23 2.25500000E+03
1.06627800E+23 2.25600000E+03
1.06681300E+23 2.25700000E+03
1.06734300E+23 2.25800000E+03
1.06787300E+23 2.25900000E+03
1.06840100E+23 2.26000000E+03
1.06892500E+23 2.26100000E+03
1.06945000E+23 2.26200000E+03
1.06997100E+23 2.26300000E+03
1.07049100E+23 2.26400000E+03
1.07100700E+23 2.26500000E+03
1.07152200E+23 2.26600000E+03
1.07203600E+23 2.26700000E+03
1.07254500E+23 2.26800000E+03
1.07305400E+23 2.26900000E+03
1.07356200E+23 2.27000000E+03
1.07406800E+23 2.27100000E+03
1.07456800E+23 2.27200000E+03
1.07506900E+23 2.27300000E+03
1.07556600E+23 2.27400000E+03
1.07606200E+23 2.27500000E+03
1.07655600E+23 2.27600000E+03
1.07704900E+23 2.27700000E+03
1.07753800E+23 2.27800000E+03
1.07802600E+23 2.27900000E+03
1.07851000E+23 2.28000000E+03
1.07899400E+23 2.28100000E+03
1.07947300E+23 2.28200000E+03
1.07995300E+23 2.28300000E+03
1.08043100E+23 2.28400000E+03
1.08090600E+23 2.28500000E+03
1.08137900E+23 2.28600000E+03
1.08184800E+23 2.28700000E+03
1.08231700E+23 2.28800000E+03
1.08278300E+23 2.28900000E+03
1.08324500E+23 2.29000000E+03
1.08370700E+23 2.29100000E+03
1.08416700E+23 2.29200000E+03
1.08462500E+23 2.29300000E+03
1.08508100E+23 2.29400000E+03
1.08553200E+23 2.29500000E+03
1.08598600E+23 2.29600000E+03
1.08643200E+23 2.29700000E+03
1.08687900E+23 2.29800000E+03
1.08732300E+23 2.29900000E+03
1.08776600E+23 2.30000000E+03
1.08820600E+23 2.30100000E+03
1.08864400E+23 2.30200000E+03
1.08907900E+23 2.30300000E+03
1.08951300E+23 2.30400000E+03
1.08994400E+23 2.30500000E+03
1.09037300E+23 2.30600000E+03
1.09080000E+23 2.30700000E+03
1.09122100E+23 2.30800000E+03
1.09164400E+23 2.30900000E+03
1.09206600E+23 2.31000000E+03
1.09248100E+23 2.31100000E+03
1.09289700E+23 2.31200000E+03
1.09331300E+23 2.31300000E+03
1.09372400E+23 2.31400000E+03
1.09413300E+23 2.31500000E+03
1.09453900E+23 2.31600000E+03
1.09494300E+23 2.31700000E+03
1.09534500E+23 2.31800000E+03
1.09574500E+23 2.31900000E+03
1.09614200E+23 2.32000000E+03
1.09653700E+23 2.32100000E+03
1.09693000E+23 2.32200000E+03
1.09732300E+23 2.32300000E+03
1.09771200E+23 2.32400000E+03
1.09809800E+23 2.32500000E+03
1.09848100E+23 2.32600000E+03
1.09886300E+23 2.32700000E+03
1.09924200E+23 2.32800000E+03
1.09961900E+23 2.32900000E+03
1.09999600E+23 2.33000000E+03
1.10037100E+23 2.33100000E+03
1.10073800E+23 2.33200000E+03
1.10110900E+23 2.33300000E+03
1.10147400E+23 2.33400000E+03
1.10183700E+23 2.33500000E+03
1.10219800E+23 2.33600000E+03
1.10255900E+23 2.33700000E+03
1.10291500E+23 2.33800000E+03
1.10327200E+23 2.33900000E+03
1.10362300E+23 2.34000000E+03
1.10397200E+23 2.34100000E+03
1.10432200E+23 2.34200000E+03
1.10466600E+23 2.34300000E+03
1.10500900E+23 2.34400000E+03
1.10535100E+23 2.34500000E+03
1.10568900E+23 2.34600000E+03
1.10602700E+23 2.34700000E+03
1.10636000E+23 2.34800000E+03
1.10669300E+23 2.34900000E+03
1.10702100E+23 2.35000000E+03
1.10735000E+23 2.35100000E+03
1.10767300E+23 2.35200000E+03
1.10799700E+23 2.35300000E+03
1.10831600E+23 2.35400000E+03
1.10863300E+23 2.35500000E+03
1.10895000E+23 2.35600000E+03
1.10926400E+23 2.35700000E+03
1.10957400E+23 2.35800000E+03
1.10988400E+23 2.35900000E+03
1.11019100E+23 2.36000000E+03
1.11049400E+23 2.36100000E+03
1.11079400E+23 2.36200000E+03
1.11109400E+23 2.36300000E+03
1.11139200E+23 2.36400000E+03
1.11168800E+23 2.36500000E+03
1.11197900E+23 2.36600000E+03
1.11227000E+23 2.36700000E+03
1.11255600E+23 2.36800000E+03
1.11284200E+23 2.36900000E+03
1.11312600E+23 2.37000000E+03
1.11340500E+23 2.37100000E+03
1.11368400E+23 2.37200000E+03
1.11396100E+23 2.37300000E+03
1.11423500E+23 2.37400000E+03
1.11450400E+23 2.37500000E+03
1.11477400E+23 2.37600000E+03
1.11504100E+23 2.37700000E+03
1.11530600E+23 2.37800000E+03
1.11556600E+23 2.37900000E+03
1.11582600E+23 2.38000000E+03
1.11608400E+23 2.38100000E+03
1.11633900E+23 2.38200000E+03
1.11659200E+23 2.38300000E+03
1.11684300E+23 2.38400000E+03
1.11709100E+23 2.38500000E+03
1.11733700E+23 2.38600000E+03
1.11757700E+23 2.38700000E+03
1.11781800E+23 2.38800000E+03
1.11805700E+23 2.38900000E+03
1.11829300E+23 2.39000000E+03
1.11853000E+23 2.39100000E+03
1.11875900E+23 2.39200000E+03
1.11898800E+23 2.39300000E+03
1.11921400E+23 2.39400000E+03
1.11943800E+23 2.39500000E+03
1.11966000E+23 2.39600000E+03
1.11988000E+23 2.39700000E+03
1.12009700E+23 2.39800000E+03
1.12031100E+23 2.39900000E+03
1.12052300E+23 2.40000000E+03
1.12073300E+23 2.40100000E+03
1.12094300E+23 2.40200000E+03
1.12114800E+23 2.40300000E+03
1.12134800E+23 2.40400000E+03
1.12155100E+23 2.40500000E+03
1.12174900E+23 2.40600000E+03
1.12194400E+23 2.40700000E+03
1.12213700E+23 2.40800000E+03
1.12232700E+23 2.40900000E+03
1.12251800E+23 2.41000000E+03
1.12270100E+23 2.41100000E+03
1.12288700E+23 2.41200000E+03
1.12306800E+23 2.41300000E+03
1.12324600E+23 2.41400000E+03
1.12342200E+23 2.41500000E+03
1.12359800E+23 2.41600000E+03
1.12376900E+23 2.41700000E+03
1.12393800E+23 2.41800000E+03
1.12410400E+23 2.41900000E+03
1.12427000E+23 2.42000000E+03
1.12443200E+23 2.42100000E+03
1.12459100E+23 2.42200000E+03
1.12474700E+23 2.42300000E+03
1.12490400E+23 2.42400000E+03
1.12505600E+23 2.42500000E+03
1.12520800E+23 2.42600000E+03
1.12535400E+23 2.42700000E+03
1.12549900E+23 2.42800000E+03
1.12564300E+23 2.42900000E+03
1.12578300E+23 2.43000000E+03
1.12592000E+23 2.43100000E+03
1.12605700E+23 2.43200000E+03
1.12619200E+23 2.43300000E+03
1.12632100E+23 2.43400000E+03
1.12644900E+23 2.43500000E+03
1.12657600E+23 2.43600000E+03
1.12669900E+23 2.43700000E+03
1.12681800E+23 2.43800000E+03
1.12693900E+23 2.43900000E+03
1.12705400E+23 2.44000000E+03
1.12716900E+23 2.44100000E+03
1.12728200E+23 2.44200000E+03
1.12739000E+23 2.44300000E+03
1.12749800E+23 2.44400000E+03
1.12760000E+23 2.44500000E+03
1.12770400E+23 2.44600000E+03
1.12780100E+23 2.44700000E+03
1.12790000E+23 2.44800000E+03
1.12799500E+23 2.44900000E+03
1.12808900E+23 2.45000000E+03
1.12817700E+23 2.45100000E+03
1.12826300E+23 2.45200000E+03
1.12834900E+23 2.45300000E+03
1.12843200E+23 2.45400000E+03
1.12851300E+23 2.45500000E+03
1.12859200E+23 2.45600000E+03
1.12866500E+23 2.45700000E+03
1.12873900E+23 2.45800000E+03
1.12880700E+23 2.45900000E+03
1.12887600E+23 2.46000000E+03
1.12894300E+23 2.46100000E+03
1.12900700E+23 2.46200000E+03
1.12906800E+23 2.46300000E+03
1.12912400E+23 2.46400000E+03
1.12918100E+23 2.46500000E+03
1.12923500E+23 2.46600000E+03
1.12928700E+23 2.46700000E+03
1.12933600E+23 2.46800000E+03
1.12938300E+23 2.46900000E+03
1.12942700E+23 2.47000000E+03
1.12946600E+23 2.47100000E+03
1.12950600E+23 2.47200000E+03
1.12954200E+23 2.47300000E+03
1.12957700E+23 2.47400000E+03
1.12960900E+23 2.47500000E+03
1.12963900E+23 2.47600000E+03
1.12966600E+23 2.47700000E+03
1.12969000E+23 2.47800000E+03
1.12971300E+23 2.47900000E+03
1.12973200E+23 2.48000000E+03
1.12974700E+23 2.48100000E+03
1.12976200E+23 2.48200000E+03
1.12977400E+23 2.48300000E+03
1.12978400E+23 2.48400000E+03
1.12979500E+23 2.48500000E+03
1.12980000E+23 2.48600000E+03
1.12980200E+23 2.48700000E+03
1.12980300E+23 2.48800000E+03
1.12980000E+23 2.48900000E+03
1.12979600E+23 2.49000000E+03
1.12978800E+23 2.49100000E+03
1.12977900E+23 2.49200000E+03
1.12976900E+23 2.49300000E+03
1.12975500E+23 2.49400000E+03
1.12973500E+23 2.49500000E+03
1.12971900E+23 2.49600000E+03
1.12969700E+23 2.49700000E+03
1.12967200E+23 2.49800000E+03
1.12964600E+23 2.49900000E+03
1.12961600E+23 2.50000000E+03
1.12958700E+23 2.50100000E+03
1.12955300E+23 2.50200000E+03
1.12951700E+23 2.50300000E+03
1.12948100E+23 2.50400000E+03
1.12943900E+23 2.50500000E+03
1.12939500E+23 2.50600000E+03
1.12934900E+23 2.50700000E+03
1.12930300E+23 2.50800000E+03
1.12925200E+23 2.50900000E+03
1.12919800E+23 2.51000000E+03
1.12914500E+23 2.51100000E+03
1.12908600E+23 2.51200000E+03
1.12902500E+23 2.51300000E+03
1.12896400E+23 2.51400000E+03
1.12889900E+23 2.51500000E+03
1.12883300E+23 2.51600000E+03
1.12876200E+23 2.51700000E+03
1.12868900E+23 2.51800000E+03
1.12861600E+23 2.51900000E+03
1.12853800E+23 2.52000000E+03
1.12846000E+23 2.52100000E+03
1.12837800E+23 2.52200000E+03
1.12829500E+23 2.52300000E+03
1.12820700E+23 2.52400000E+03
1.12811700E+23 2.52500000E+03
1.12802700E+23 2.52600000E+03
1.12793500E+23 2.52700000E+03
1.12783700E+23 2.52800000E+03
1.12774000E+23 2.52900000E+03
1.12763800E+23 2.53000000E+03
1.12753600E+23 2.53100000E+03
1.12742800E+23 2.53200000E+03
1.12732100E+23 2.53300000E+03
1.12720900E+23 2.53400000E+03
1.12709800E+23 2.53500000E+03
1.12698300E+23 2.53600000E+03
1.12686700E+23 2.53700000E+03
1.12674500E+23 2.53800000E+03
1.12662400E+23 2.53900000E+03
1.12649700E+23 2.54000000E+03
1.12637100E+23 2.54100000E+03
1.12623900E+23 2.54200000E+03
1.12610800E+23 2.54300000E+03
1.12597500E+23 2.54400000E+03
1.12583900E+23 2.54500000E+03
1.12570000E+23 2.54600000E+03
1.12555900E+23 2.54700000E+03
1.12541400E+23 2.54800000E+03
1.12526800E+23 2.54900000E+03
1.12512000E+23 2.55000000E+03
1.12497000E+23 2.55100000E+03
1.12481400E+23 2.55200000E+03
1.12465900E+23 2.55300000E+03
1.12450100E+23 2.55400000E+03
1.12434100E+23 2.55500000E+03
1.12417900E+23 2.55600000E+03
1.12401400E+23 2.55700000E+03
1.12384700E+23 2.55800000E+03
1.12367400E+23 2.55900000E+03
1.12350200E+23 2.56000000E+03
1.12332800E+23 2.56100000E+03
1.12315100E+23 2.56200000E+03
1.12297200E+23 2.56300000E+03
1.12279000E+23 2.56400000E+03
1.12260600E+23 2.56500000E+03
1.12242000E+23 2.56600000E+03
1.12223100E+23 2.56700000E+03
1.12204000E+23 2.56800000E+03
1.12184600E+23 2.56900000E+03
1.12165000E+23 2.57000000E+03
1.12145200E+23 2.57100000E+03
1.12125100E+23 2.57200000E+03
1.12104800E+23 2.57300000E+03
1.12084300E+23 2.57400000E+03
1.12063500E+23 2.57500000E+03
1.12042500E+23 2.57600000E+03
1.12021200E+23 2.57700000E+03
1.11999700E+23 2.57800000E+03
1.11978300E+23 2.57900000E+03
1.11956300E+23 2.58000000E+03
1.11934100E+23 2.58100000E+03
1.11911700E+23 2.58200000E+03
1.11889000E+23 2.58300000E+03
1.11866100E+23 2.58400000E+03
1.11842900E+23 2.58500000E+03
1.11819800E+23 2.58600000E+03
1.11796200E+23 2.58700000E+03
1.11772400E+23 2.58800000E+03
1.11748500E+23 2.58900000E+03
1.11724200E+23 2.59000000E+03
1.11699600E+23 2.59100000E+03
1.11674900E+23 2.59200000E+03
1.11650100E+23 2.59300000E+03
1.11624600E+23 2.59400000E+03
1.11599300E+23 2.59500000E+03
1.11573900E+23 2.59600000E+03
1.11547900E+23 2.59700000E+03
1.11521700E+23 2.59800000E+03
1.11495500E+23 2.59900000E+03
1.11468900E+23 2.60000000E+03
1.11442000E+23 2.60100000E+03
1.11414800E+23 2.60200000E+03
1.11387800E+23 2.60300000E+03
1.11360200E+23 2.60400000E+03
1.11332600E+23 2.60500000E+03
1.11304500E+23 2.60600000E+03
1.11276500E+23 2.60700000E+03
1.11248000E+23 2.60800000E+03
1.11219500E+23 2.60900000E+03
1.11190500E+23 2.61000000E+03
1.11161600E+23 2.61100000E+03
1.11132100E+23 2.61200000E+03
1.11102700E+23 2.61300000E+03
1.11073000E+23 2.61400000E+03
1.11042900E+23 2.61500000E+03
1.11012800E+23 2.61600000E+03
1.10982200E+23 2.61700000E+03
1.10951400E+23 2.61800000E+03
1.10920600E+23 2.61900000E+03
1.10889300E+23 2.62000000E+03
1.10858000E+23 2.62100000E+03
1.10826500E+23 2.62200000E+03
1.10794800E+23 2.62300000E+03
1.10762600E+23 2.62400000E+03
1.10730200E+23 2.62500000E+03
1.10698100E+23 2.62600000E+03
1.10665200E+23 2.62700000E+03
1.10632100E+23 2.62800000E+03
1.10599300E+23 2.62900000E+03
1.10565900E+23 2.63000000E+03
1.10532100E+23 2.63100000E+03
1.10498400E+23 2.63200000E+03
1.10464400E+23 2.63300000E+03
1.10429900E+23 2.63400000E+03
1.10395500E+23 2.63500000E+03
1.10360800E+23 2.63600000E+03
1.10325700E+23 2.63700000E+03
1.10290600E+23 2.63800000E+03
1.10255200E+23 2.63900000E+03
1.10219900E+23 2.64000000E+03
1.10183900E+23 2.64100000E+03
1.10147600E+23 2.64200000E+03
1.10111600E+23 2.64300000E+03
1.10074900E+23 2.64400000E+03
1.10038200E+23 2.64500000E+03
1.10001300E+23 2.64600000E+03
1.09964400E+23 2.64700000E+03
1.09926800E+23 2.64800000E+03
1.09889300E+23 2.64900000E+03
1.09851500E+23 2.65000000E+03
1.09813400E+23 2.65100000E+03
1.09775200E+23 2.65200000E+03
1.09736700E+23 2.65300000E+03
1.09698000E+23 2.65400000E+03
1.09659100E+23 2.65500000E+03
1.09620000E+23 2.65600000E+03
1.09580700E+23 2.65700000E+03
1.09541100E+23 2.65800000E+03
1.09501600E+23 2.65900000E+03
1.09461300E+23 2.66000000E+03
1.09421100E+23 2.66100000E+03
1.09380900E+23 2.66200000E+03
1.09340000E+23 2.66300000E+03
1.09299100E+23 2.66400000E+03
1.09258300E+23 2.66500000E+03
1.09216900E+23 2.66600000E+03
1.09175400E+23 2.66700000E+03
1.09133600E+23 2.66800000E+03
1.09091900E+23 2.66900000E+03
1.09049500E+23 2.67000000E+03
1.09007100E+23 2.67100000E+03
1.08964700E+23 2.67200000E+03
1.08922100E+23 2.67300000E+03
1.08879100E+23 2.67400000E+03
1.08835600E+23 2.67500000E+03
1.08792300E+23 2.67600000E+03
1.08748600E+23 2.67700000E+03
1.08704700E+23 2.67800000E+03
1.08660800E+23 2.67900000E+03
1.08616500E+23 2.68000000E+03
1.08571700E+23 2.68100000E+03
1.08527200E+23 2.68200000E+03
1.08482500E+23 2.68300000E+03
1.08437300E+23 2.68400000E+03
1.08391800E+23 2.68500000E+03
1.08346500E+23 2.68600000E+03
1.08300700E+23 2.68700000E+03
1.08254600E+23 2.68800000E+03
1.08208600E+23 2.68900000E+03
1.08162400E+23 2.69000000E+03
1.08115700E+23 2.69100000E+03
1.08068800E+23 2.69200000E+03
1.08022000E+23 2.69300000E+03
1.07974700E+23 2.69400000E+03
1.07927200E+23 2.69500000E+03
1.07879700E+23 2.69600000E+03
1.07831800E+23 2.69700000E+03
1.07783900E+23 2.69800000E+03
1.07735800E+23 2.69900000E+03
1.07687500E+23 2.70000000E+03
1.07638700E+23 2.70100000E+03
1.07589700E+23 2.70200000E+03
1.07540800E+23 2.70300000E+03
1.07491400E+23 2.70400000E+03
1.07442100E+23 2.70500000E+03
1.07392500E+23 2.70600000E+03
1.07342500E+23 2.70700000E+03
1.07292500E+23 2.70800000E+03
1.07242100E+23 2.70900000E+03
1.07191800E+23 2.71000000E+03
1.07141200E+23 2.71100000E+03
1.07090400E+23 2.71200000E+03
1.07039200E+23 2.71300000E+03
1.06987700E+23 2.71400000E+03
1.06936600E+23 2.71500000E+03
1.06885000E+23 2.71600000E+03
1.06832900E+23 2.71700000E+03
1.06781000E+23 2.71800000E+03
1.06728800E+23 2.71900000E+03
1.06676100E+23 2.72000000E+03
1.06623500E+23 2.72100000E+03
1.06570700E+23 2.72200000E+03
1.06517400E+23 2.72300000E+03
1.06464200E+23 2.72400000E+03
1.06410800E+23 2.72500000E+03
1.06357500E+23 2.72600000E+03
1.06303400E+23 2.72700000E+03
1.06249200E+23 2.72800000E+03
1.06195200E+23 2.72900000E+03
1.06140600E+23 2.73000000E+03
1.06086000E+23 2.73100000E+03
1.06031200E+23 2.73200000E+03
1.05976400E+23 2.73300000E+03
1.05921000E+23 2.73400000E+03
1.05865600E+23 2.73500000E+03
1.05810000E+23 2.73600000E+03
1.05754200E+23 2.73700000E+03
1.05698000E+23 2.73800000E+03
1.05642100E+23 2.73900000E+03
1.05585700E+23 2.74000000E+03
1.05528900E+23 2.74100000E+03
1.05472400E+23 2.74200000E+03
1.05415500E+23 2.74300000E+03
1.05358300E+23 2.74400000E+03
1.05301000E+23 2.74500000E+03
1.05243500E+23 2.74600000E+03
1.05185800E+23 2.74700000E+03
1.05127900E+23 2.74800000E+03
1.05069800E+23 2.74900000E+03
1.05011700E+23 2.75000000E+03
1.04953200E+23 2.75100000E+03
1.04894300E+23 2.75200000E+03
1.04835700E+23 2.75300000E+03
1.04776700E+23 2.75400000E+03
1.04717400E+23 2.75500000E+03
1.04658000E+23 2.75600000E+03
1.04598400E+23 2.75700000E+03
1.04538800E+23 2.75800000E+03
1.04478800E+23 2.75900000E+03
1.04418600E+23 2.76000000E+03
1.04358300E+23 2.76100000E+03
1.04297700E+23 2.76200000E+03
1.04237200E+23 2.76300000E+03
1.04176300E+23 2.76400000E+03
1.04115400E+23 2.76500000E+03
1.04054100E+23 2.76600000E+03
1.03992400E+23 2.76700000E+03
1.03931000E+23 2.76800000E+03
1.03869100E+23 2.76900000E+03
1.03807300E+23 2.77000000E+03
1.03745100E+23 2.77100000E+03
1.03683000E+23 2.77200000E+03
1.03620400E+23 2.77300000E+03
1.03557600E+23 2.77400000E+03
1.03494900E+23 2.77500000E+03
1.03432000E+23 2.77600000E+03
1.03368700E+23 2.77700000E+03
1.03305200E+23 2.77800000E+03
1.03241800E+23 2.77900000E+03
1.03177900E+23 2.78000000E+03
1.03113900E+23 2.78100000E+03
1.03050000E+23 2.78200000E+03
1.02985600E+23 2.78300000E+03
1.02921000E+23 2.78400000E+03
1.02856500E+23 2.78500000E+03
1.02792100E+23 2.78600000E+03
1.02727000E+23 2.78700000E+03
1.02661700E+23 2.78800000E+03
1.02596500E+23 2.78900000E+03
1.02530900E+23 2.79000000E+03
1.02465100E+23 2.79100000E+03
1.02399300E+23 2.79200000E+03
1.02333700E+23 2.79300000E+03
1.02267300E+23 2.79400000E+03
1.02200800E+23 2.79500000E+03
1.02134400E+23 2.79600000E+03
1.02067800E+23 2.79700000E+03
1.02000800E+23 2.79800000E+03
1.01933800E+23 2.79900000E+03
1.01866500E+23 2.80000000E+03
1.01799200E+23 2.80100000E+03
1.01731700E+23 2.80200000E+03
1.01663800E+23 2.80300000E+03
1.01596300E+23 2.80400000E+03
1.01528100E+23 2.80500000E+03
1.01459900E+23 2.80600000E+03
1.01391900E+23 2.80700000E+03
1.01323100E+23 2.80800000E+03
1.01254200E+23 2.80900000E+03
1.01185700E+23 2.81000000E+03
1.01116400E+23 2.81100000E+03
1.01047000E+23 2.81200000E+03
1.00978000E+23 2.81300000E+03
1.00908200E+23 2.81400000E+03
1.00838800E+23 2.81500000E+03
1.00768800E+23 2.81600000E+03
1.00698800E+23 2.81700000E+03
1.00628700E+23 2.81800000E+03
1.00558400E+23 2.81900000E+03
1.00487600E+23 2.82000000E+03
1.00417200E+23 2.82100000E+03
1.00346200E+23 2.82200000E+03
1.00275500E+23 2.82300000E+03
1.00204400E+23 2.82400000E+03
1.00133100E+23 2.82500000E+03
1.00061400E+23 2.82600000E+03
9.99900300E+22 2.82700000E+03
9.99182700E+22 2.82800000E+03
9.98463400E+22 2.82900000E+03
9.97742600E+22 2.83000000E+03
9.97017800E+22 2.83100000E+03
9.96296200E+22 2.83200000E+03
9.95570600E+22 2.83300000E+03
9.94841000E+22 2.83400000E+03
9.94114600E+22 2.83500000E+03
9.93384300E+22 2.83600000E+03
9.92650100E+22 2.83700000E+03
9.91919000E+22 2.83800000E+03
9.91184000E+22 2.83900000E+03
9.90449900E+22 2.84000000E+03
9.89711800E+22 2.84100000E+03
9.88972200E+22 2.84200000E+03
9.88233300E+22 2.84300000E+03
9.87490600E+22 2.84400000E+03
9.86746400E+22 2.84500000E+03
9.86000700E+22 2.84600000E+03
9.85253400E+22 2.84700000E+03
9.84504600E+22 2.84800000E+03
9.83756700E+22 2.84900000E+03
9.83004900E+22 2.85000000E+03
9.82251600E+22 2.85100000E+03
9.81496800E+22 2.85200000E+03
9.80740500E+22 2.85300000E+03
9.79982700E+22 2.85400000E+03
9.79225800E+22 2.85500000E+03
9.78465100E+22 2.85600000E+03
9.77705200E+22 2.85700000E+03
9.76943800E+22 2.85800000E+03
9.76178600E+22 2.85900000E+03
9.75414300E+22 2.86000000E+03
9.74646300E+22 2.86100000E+03
9.73876700E+22 2.86200000E+03
9.73108100E+22 2.86300000E+03
9.72335700E+22 2.86400000E+03
9.71561800E+22 2.86500000E+03
9.70788800E+22 2.86600000E+03
9.70012100E+22 2.86700000E+03
9.69236200E+22 2.86800000E+03
9.68456700E+22 2.86900000E+03
9.67675700E+22 2.87000000E+03
9.66895600E+22 2.87100000E+03
9.66111800E+22 2.87200000E+03
9.65326600E+22 2.87300000E+03
9.64544500E+22 2.87400000E+03
9.63758800E+22 2.87500000E+03
9.62969400E+22 2.87600000E+03
9.62180900E+22 2.87700000E+03
9.61388800E+22 2.87800000E+03
9.60595300E+22 2.87900000E+03
9.59804900E+22 2.88000000E+03
9.59008600E+22 2.88100000E+03
9.58213300E+22 2.88200000E+03
9.57414300E+22 2.88300000E+03
9.56613900E+22 2.88400000E+03
9.55816800E+22 2.88500000E+03
9.55013700E+22 2.88600000E+03
9.54209400E+22 2.88700000E+03
9.53408200E+22 2.88800000E+03
9.52601100E+22 2.88900000E+03
9.51792800E+22 2.89000000E+03
