 2.41000000e+20 1.27420000e+00
 2.41000000e+20 4.45970000e+00
 2.41000000e+20 7.64520000e+00
 2.41000000e+20 1.08307000e+01
 2.41000000e+20 1.40162000e+01
 2.41000000e+20 1.72017000e+01
 2.41000000e+20 2.03872000e+01
 2.41000000e+20 2.35727000e+01
 2.41000000e+20 2.67582000e+01
 2.41000000e+20 2.99437000e+01
 2.41000000e+20 3.31292000e+01
 2.41000000e+20 3.63147000e+01
 2.41000000e+20 3.95002000e+01
 2.41000000e+20 4.26857000e+01
 2.41000000e+20 4.58712000e+01
 2.41000000e+20 4.90567000e+01
 2.41000000e+20 5.22422000e+01
 2.41000000e+20 5.54277000e+01
 2.41000000e+20 5.86132000e+01
 2.41000000e+20 6.17987000e+01
 2.41000000e+20 6.49842000e+01
 2.41000000e+20 6.81697000e+01
 2.41000000e+20 7.13552000e+01
 2.41000000e+20 7.45407000e+01
 2.41000000e+20 7.77262000e+01
 2.41000000e+20 8.09117000e+01
 2.41000000e+20 8.40972000e+01
 2.41000000e+20 8.72827000e+01
 2.41000000e+20 9.04682000e+01
 2.41000000e+20 9.36537000e+01
 2.41000000e+20 9.68392000e+01
 2.41000000e+20 1.00024700e+02
 2.41000000e+20 1.03210200e+02
 2.41000000e+20 1.06395700e+02
 2.41000000e+20 1.09581200e+02
 2.41000000e+20 1.12766700e+02
 2.41000000e+20 1.15952200e+02
 2.41000000e+20 1.19137700e+02
 2.41000000e+20 1.22323200e+02
 2.41000000e+20 1.25508700e+02
 2.41000000e+20 1.28694200e+02
 2.41000000e+20 1.31879700e+02
 2.41000000e+20 1.35065200e+02
 2.41000000e+20 1.38250700e+02
 2.41000000e+20 1.41436200e+02
 2.41000000e+20 1.44621700e+02
 2.41000000e+20 1.47807200e+02
 2.41000000e+20 1.50992700e+02
 2.41000000e+20 1.54178200e+02
 2.41000000e+20 1.57363700e+02
 2.41259947e+20 1.60549200e+02
 2.42559682e+20 1.63734700e+02
 2.43859416e+20 1.66920200e+02
 2.45159151e+20 1.70105700e+02
 2.46458886e+20 1.73291200e+02
 2.47758621e+20 1.76476700e+02
 2.49058355e+20 1.79662200e+02
 2.50358090e+20 1.82847700e+02
 2.51657825e+20 1.86033200e+02
 2.52957560e+20 1.89218700e+02
 2.54257294e+20 1.92404200e+02
 2.55557029e+20 1.95589700e+02
 2.56856764e+20 1.98775200e+02
 2.58156499e+20 2.01960700e+02
 2.59456233e+20 2.05146200e+02
 2.60755968e+20 2.08331700e+02
 2.62055703e+20 2.11517200e+02
 2.63355438e+20 2.14702700e+02
 2.64655172e+20 2.17888200e+02
 2.65954907e+20 2.21073700e+02
 2.67254642e+20 2.24259200e+02
 2.68554377e+20 2.27444700e+02
 2.69854111e+20 2.30630200e+02
 2.71153846e+20 2.33815700e+02
 2.72453581e+20 2.37001200e+02
 2.73753316e+20 2.40186700e+02
 2.75053050e+20 2.43372200e+02
 2.76352785e+20 2.46557700e+02
 2.77652520e+20 2.49743200e+02
 2.78952255e+20 2.52928700e+02
 2.80251989e+20 2.56114200e+02
 2.81551724e+20 2.59299700e+02
 2.82851459e+20 2.62485200e+02
 2.84151194e+20 2.65670700e+02
 2.85450928e+20 2.68856200e+02
 2.86750663e+20 2.72041700e+02
 2.88050398e+20 2.75227200e+02
 2.89350133e+20 2.78412700e+02
 2.92374582e+20 2.81598200e+02
 2.97123746e+20 2.84783700e+02
 3.01872910e+20 2.87969200e+02
 3.06622074e+20 2.91154700e+02
 3.11371237e+20 2.94340200e+02
 3.16120401e+20 2.97525700e+02
 3.20869565e+20 3.00711200e+02
 3.25618729e+20 3.03896700e+02
 3.30367893e+20 3.07082200e+02
 3.35117057e+20 3.10267700e+02
 3.39866221e+20 3.13453200e+02
 3.44615385e+20 3.16638700e+02
 3.49364548e+20 3.19824200e+02
 3.54113712e+20 3.23009700e+02
 3.58862876e+20 3.26195200e+02
 3.63612040e+20 3.29380700e+02
 3.68361204e+20 3.32566200e+02
 3.73110368e+20 3.35751700e+02
 3.77859532e+20 3.38937200e+02
 3.82608696e+20 3.42122700e+02
 3.87357860e+20 3.45308200e+02
 3.92107023e+20 3.48493700e+02
 3.96856187e+20 3.51679200e+02
 4.01605351e+20 3.54864700e+02
 4.06354515e+20 3.58050200e+02
 4.11103679e+20 3.61235700e+02
 4.15852843e+20 3.64421200e+02
 4.20602007e+20 3.67606700e+02
 4.25351171e+20 3.70792200e+02
 4.30100334e+20 3.73977700e+02
 4.31978723e+20 3.77163200e+02
 4.31943262e+20 3.80348700e+02
 4.31907801e+20 3.83534200e+02
 4.31872340e+20 3.86719700e+02
 4.31836879e+20 3.89905200e+02
 4.31801418e+20 3.93090700e+02
 4.31765957e+20 3.96276200e+02
 4.31730496e+20 3.99461700e+02
 4.31695035e+20 4.02647200e+02
 4.31659574e+20 4.05832700e+02
 4.31624113e+20 4.09018200e+02
 4.31588652e+20 4.12203700e+02
 4.31553191e+20 4.15389200e+02
 4.31517730e+20 4.18574700e+02
 4.31482270e+20 4.21760200e+02
 4.31446809e+20 4.24945700e+02
 4.31411348e+20 4.28131200e+02
 4.31375887e+20 4.31316700e+02
 4.31340426e+20 4.34502200e+02
 4.31304965e+20 4.37687700e+02
 4.31269504e+20 4.40873200e+02
 4.31234043e+20 4.44058700e+02
 4.31198582e+20 4.47244200e+02
 4.31163121e+20 4.50429700e+02
 4.31127660e+20 4.53615200e+02
 4.31092199e+20 4.56800700e+02
 4.31056738e+20 4.59986200e+02
 4.31021277e+20 4.63171700e+02
 4.33244898e+20 4.66357200e+02
 4.38857143e+20 4.69542700e+02
 4.44469388e+20 4.72728200e+02
 4.50081633e+20 4.75913700e+02
 4.55693878e+20 4.79099200e+02
 4.61306122e+20 4.82284700e+02
 4.66918367e+20 4.85470200e+02
 4.72530612e+20 4.88655700e+02
 4.78142857e+20 4.91841200e+02
 4.83755102e+20 4.95026700e+02
 4.89367347e+20 4.98212200e+02
 4.94979592e+20 5.01397700e+02
 5.00591837e+20 5.04583200e+02
 5.06204082e+20 5.07768700e+02
 5.11816327e+20 5.10954200e+02
 5.17428571e+20 5.14139700e+02
 5.23040816e+20 5.17325200e+02
 5.28653061e+20 5.20510700e+02
 5.34265306e+20 5.23696200e+02
 5.39877551e+20 5.26881700e+02
 5.45489796e+20 5.30067200e+02
 5.51102041e+20 5.33252700e+02
 5.56714286e+20 5.36438200e+02
 5.62326531e+20 5.39623700e+02
 5.67938776e+20 5.42809200e+02
 5.73551020e+20 5.45994700e+02
 5.79163265e+20 5.49180200e+02
 5.84775510e+20 5.52365700e+02
 5.90387755e+20 5.55551200e+02
 5.96000000e+20 5.58736700e+02
 6.01612245e+20 5.61922200e+02
 6.07224490e+20 5.65107700e+02
 6.12836735e+20 5.68293200e+02
 6.18448980e+20 5.71478700e+02
 6.24061224e+20 5.74664200e+02
 6.29673469e+20 5.77849700e+02
 6.35285714e+20 5.81035200e+02
 6.40897959e+20 5.84220700e+02
 6.46510204e+20 5.87406200e+02
 6.76404545e+20 5.90591700e+02
 8.03427273e+20 5.93777200e+02
 9.30450000e+20 5.96962700e+02
 1.05747273e+21 6.00148200e+02
 1.18449545e+21 6.03333700e+02
 1.31151818e+21 6.06519200e+02
 1.43854091e+21 6.09704700e+02
 1.56556364e+21 6.12890200e+02
 1.69258636e+21 6.16075700e+02
 1.81960909e+21 6.19261200e+02
 1.94663182e+21 6.22446700e+02
 2.07365455e+21 6.25632200e+02
 2.20067727e+21 6.28817700e+02
 2.32770000e+21 6.32003200e+02
 2.45472273e+21 6.35188700e+02
 2.58174545e+21 6.38374200e+02
 2.70876818e+21 6.41559700e+02
 2.83579091e+21 6.44745200e+02
 2.96281364e+21 6.47930700e+02
 3.08983636e+21 6.51116200e+02
 3.21685909e+21 6.54301700e+02
 3.34388182e+21 6.57487200e+02
 3.47090455e+21 6.60672700e+02
 3.59792727e+21 6.63858200e+02
 3.72495000e+21 6.67043700e+02
 3.85197273e+21 6.70229200e+02
 3.97899545e+21 6.73414700e+02
 4.10601818e+21 6.76600200e+02
 4.23304091e+21 6.79785700e+02
 4.36006364e+21 6.82971200e+02
 4.48708636e+21 6.86156700e+02
 4.61410909e+21 6.89342200e+02
 4.74113182e+21 6.92527700e+02
 4.86815455e+21 6.95713200e+02
 4.99517727e+21 6.98898700e+02
 5.12220000e+21 7.02084200e+02
 5.24922273e+21 7.05269700e+02
 5.37624545e+21 7.08455200e+02
 5.50326818e+21 7.11640700e+02
 5.63029091e+21 7.14826200e+02
 5.75731364e+21 7.18011700e+02
 5.88433636e+21 7.21197200e+02
 6.01135909e+21 7.24382700e+02
 6.13838182e+21 7.27568200e+02
 6.25849658e+21 7.30753700e+02
 6.35097950e+21 7.33939200e+02
 6.44346241e+21 7.37124700e+02
 6.53594533e+21 7.40310200e+02
 6.62842825e+21 7.43495700e+02
 6.72091116e+21 7.46681200e+02
 6.81339408e+21 7.49866700e+02
 6.90587699e+21 7.53052200e+02
 6.99835991e+21 7.56237700e+02
 7.09084282e+21 7.59423200e+02
 7.18332574e+21 7.62608700e+02
 7.27580866e+21 7.65794200e+02
 7.36829157e+21 7.68979700e+02
 7.46077449e+21 7.72165200e+02
 7.55325740e+21 7.75350700e+02
 7.64574032e+21 7.78536200e+02
 7.73822323e+21 7.81721700e+02
 7.83070615e+21 7.84907200e+02
 7.92318907e+21 7.88092700e+02
 8.01567198e+21 7.91278200e+02
 8.10815490e+21 7.94463700e+02
 8.20063781e+21 7.97649200e+02
 8.29312073e+21 8.00834700e+02
 8.38560364e+21 8.04020200e+02
 8.47808656e+21 8.07205700e+02
 8.57056948e+21 8.10391200e+02
 8.66305239e+21 8.13576700e+02
 8.75553531e+21 8.16762200e+02
 8.84801822e+21 8.19947700e+02
 8.94050114e+21 8.23133200e+02
 9.03298405e+21 8.26318700e+02
 9.12546697e+21 8.29504200e+02
 9.21794989e+21 8.32689700e+02
 9.31043280e+21 8.35875200e+02
 9.40291572e+21 8.39060700e+02
 9.49539863e+21 8.42246200e+02
 9.58788155e+21 8.45431700e+02
 9.68036446e+21 8.48617200e+02
 9.77284738e+21 8.51802700e+02
 9.86533030e+21 8.54988200e+02
 9.95781321e+21 8.58173700e+02
 1.00502961e+22 8.61359200e+02
 1.01427790e+22 8.64544700e+02
 1.02352620e+22 8.67730200e+02
 1.03382688e+22 8.70915700e+02
 1.04658314e+22 8.74101200e+02
 1.05933941e+22 8.77286700e+02
 1.07209567e+22 8.80472200e+02
 1.08485194e+22 8.83657700e+02
 1.09760820e+22 8.86843200e+02
 1.11036446e+22 8.90028700e+02
 1.12312073e+22 8.93214200e+02
 1.13587699e+22 8.96399700e+02
 1.14863326e+22 8.99585200e+02
 1.16138952e+22 9.02770700e+02
 1.17414579e+22 9.05956200e+02
 1.18690205e+22 9.09141700e+02
 1.19965831e+22 9.12327200e+02
 1.21241458e+22 9.15512700e+02
 1.22517084e+22 9.18698200e+02
 1.23792711e+22 9.21883700e+02
 1.25068337e+22 9.25069200e+02
 1.26343964e+22 9.28254700e+02
 1.27619590e+22 9.31440200e+02
 1.28895216e+22 9.34625700e+02
 1.30170843e+22 9.37811200e+02
 1.31446469e+22 9.40996700e+02
 1.32722096e+22 9.44182200e+02
 1.33997722e+22 9.47367700e+02
 1.35273349e+22 9.50553200e+02
 1.36548975e+22 9.53738700e+02
 1.37824601e+22 9.56924200e+02
 1.39100228e+22 9.60109700e+02
 1.40375854e+22 9.63295200e+02
 1.41651481e+22 9.66480700e+02
 1.42927107e+22 9.69666200e+02
 1.44202733e+22 9.72851700e+02
 1.45478360e+22 9.76037200e+02
 1.46753986e+22 9.79222700e+02
 1.48029613e+22 9.82408200e+02
 1.49305239e+22 9.85593700e+02
 1.50580866e+22 9.88779200e+02
 1.51856492e+22 9.91964700e+02
 1.53132118e+22 9.95150200e+02
 1.54407745e+22 9.98335700e+02
 1.55683371e+22 1.00152120e+03
 1.56958998e+22 1.00470670e+03
 1.58234624e+22 1.00789220e+03
 1.59690909e+22 1.01107770e+03
 1.61418182e+22 1.01426320e+03
 1.63145455e+22 1.01744870e+03
 1.64872727e+22 1.02063420e+03
 1.66600000e+22 1.02381970e+03
 1.68327273e+22 1.02700520e+03
 1.70054545e+22 1.03019070e+03
 1.71781818e+22 1.03337620e+03
 1.73509091e+22 1.03656170e+03
 1.75236364e+22 1.03974720e+03
 1.76963636e+22 1.04293270e+03
 1.78690909e+22 1.04611820e+03
 1.80418182e+22 1.04930370e+03
 1.82145455e+22 1.05248920e+03
 1.83872727e+22 1.05567470e+03
 1.85600000e+22 1.05886020e+03
 1.87327273e+22 1.06204570e+03
 1.89054545e+22 1.06523120e+03
 1.90781818e+22 1.06841670e+03
 1.92509091e+22 1.07160220e+03
 1.94236364e+22 1.07478770e+03
 1.95963636e+22 1.07797320e+03
 1.97690909e+22 1.08115870e+03
 1.99418182e+22 1.08434420e+03
 2.01145455e+22 1.08752970e+03
 2.02872727e+22 1.09071520e+03
 2.04600000e+22 1.09390070e+03
 2.06327273e+22 1.09708620e+03
 2.08054545e+22 1.10027170e+03
 2.09781818e+22 1.10345720e+03
 2.11509091e+22 1.10664270e+03
 2.13236364e+22 1.10982820e+03
 2.14963636e+22 1.11301370e+03
 2.16690909e+22 1.11619920e+03
 2.18418182e+22 1.11938470e+03
 2.20145455e+22 1.12257020e+03
 2.21872727e+22 1.12575570e+03
 2.23600000e+22 1.12894120e+03
 2.25327273e+22 1.13212670e+03
 2.27054545e+22 1.13531220e+03
 2.28781818e+22 1.13849770e+03
 2.30509091e+22 1.14168320e+03
 2.32236364e+22 1.14486870e+03
 2.33963636e+22 1.14805420e+03
 2.35881818e+22 1.15123970e+03
 2.38086364e+22 1.15442520e+03
 2.40290909e+22 1.15761070e+03
 2.42495455e+22 1.16079620e+03
 2.44700000e+22 1.16398170e+03
 2.46904545e+22 1.16716720e+03
 2.49109091e+22 1.17035270e+03
 2.51313636e+22 1.17353820e+03
 2.53518182e+22 1.17672370e+03
 2.55722727e+22 1.17990920e+03
 2.57927273e+22 1.18309470e+03
 2.60131818e+22 1.18628020e+03
 2.62336364e+22 1.18946570e+03
 2.64540909e+22 1.19265120e+03
 2.66745455e+22 1.19583670e+03
 2.68950000e+22 1.19902220e+03
 2.71154545e+22 1.20220770e+03
 2.73359091e+22 1.20539320e+03
 2.75563636e+22 1.20857870e+03
 2.77768182e+22 1.21176420e+03
 2.79972727e+22 1.21494970e+03
 2.82177273e+22 1.21813520e+03
 2.84381818e+22 1.22132070e+03
 2.86586364e+22 1.22450620e+03
 2.88790909e+22 1.22769170e+03
 2.90995455e+22 1.23087720e+03
 2.93200000e+22 1.23406270e+03
 2.95404545e+22 1.23724820e+03
 2.97609091e+22 1.24043370e+03
 2.99813636e+22 1.24361920e+03
 3.02018182e+22 1.24680470e+03
 3.04222727e+22 1.24999020e+03
 3.06427273e+22 1.25317570e+03
 3.08631818e+22 1.25636120e+03
 3.10836364e+22 1.25954670e+03
 3.13040909e+22 1.26273220e+03
 3.15245455e+22 1.26591770e+03
 3.17450000e+22 1.26910320e+03
 3.19654545e+22 1.27228870e+03
 3.21859091e+22 1.27547420e+03
 3.24063636e+22 1.27865970e+03
 3.26268182e+22 1.28184520e+03
 3.28472727e+22 1.28503070e+03
 3.30677273e+22 1.28821620e+03
 3.33084282e+22 1.29140170e+03
 3.35794989e+22 1.29458720e+03
 3.38505695e+22 1.29777270e+03
 3.41216401e+22 1.30095820e+03
 3.43927107e+22 1.30414370e+03
 3.46637813e+22 1.30732920e+03
 3.49348519e+22 1.31051470e+03
 3.52059226e+22 1.31370020e+03
 3.54769932e+22 1.31688570e+03
 3.57480638e+22 1.32007120e+03
 3.60191344e+22 1.32325670e+03
 3.62902050e+22 1.32644220e+03
 3.65612756e+22 1.32962770e+03
 3.68323462e+22 1.33281320e+03
 3.71034169e+22 1.33599870e+03
 3.73744875e+22 1.33918420e+03
 3.76455581e+22 1.34236970e+03
 3.79166287e+22 1.34555520e+03
 3.81876993e+22 1.34874070e+03
 3.84587699e+22 1.35192620e+03
 3.87298405e+22 1.35511170e+03
 3.90009112e+22 1.35829720e+03
 3.92719818e+22 1.36148270e+03
 3.95430524e+22 1.36466820e+03
 3.98141230e+22 1.36785370e+03
 4.00851936e+22 1.37103920e+03
 4.03562642e+22 1.37422470e+03
 4.06273349e+22 1.37741020e+03
 4.08984055e+22 1.38059570e+03
 4.11694761e+22 1.38378120e+03
 4.14405467e+22 1.38696670e+03
 4.17116173e+22 1.39015220e+03
 4.19826879e+22 1.39333770e+03
 4.22537585e+22 1.39652320e+03
 4.25248292e+22 1.39970870e+03
 4.27958998e+22 1.40289420e+03
 4.30669704e+22 1.40607970e+03
 4.33380410e+22 1.40926520e+03
 4.36091116e+22 1.41245070e+03
 4.38801822e+22 1.41563620e+03
 4.41512528e+22 1.41882170e+03
 4.44223235e+22 1.42200720e+03
 4.46933941e+22 1.42519270e+03
 4.49644647e+22 1.42837820e+03
 4.52537585e+22 1.43156370e+03
 4.55612756e+22 1.43474920e+03
 4.58687927e+22 1.43793470e+03
 4.61763098e+22 1.44112020e+03
 4.64838269e+22 1.44430570e+03
 4.67913440e+22 1.44749120e+03
 4.70988610e+22 1.45067670e+03
 4.74063781e+22 1.45386220e+03
 4.77138952e+22 1.45704770e+03
 4.80214123e+22 1.46023320e+03
 4.83289294e+22 1.46341870e+03
 4.86364465e+22 1.46660420e+03
 4.89439636e+22 1.46978970e+03
 4.92514806e+22 1.47297520e+03
 4.95589977e+22 1.47616070e+03
 4.98665148e+22 1.47934620e+03
 5.01740319e+22 1.48253170e+03
 5.04815490e+22 1.48571720e+03
 5.07890661e+22 1.48890270e+03
 5.10965831e+22 1.49208820e+03
 5.14041002e+22 1.49527370e+03
 5.17116173e+22 1.49845920e+03
 5.20191344e+22 1.50164470e+03
 5.23266515e+22 1.50483020e+03
 5.26341686e+22 1.50801570e+03
 5.29416856e+22 1.51120120e+03
 5.32492027e+22 1.51438670e+03
 5.35567198e+22 1.51757220e+03
 5.38642369e+22 1.52075770e+03
 5.41717540e+22 1.52394320e+03
 5.44792711e+22 1.52712870e+03
 5.47867882e+22 1.53031420e+03
 5.50943052e+22 1.53349970e+03
 5.54018223e+22 1.53668520e+03
 5.57093394e+22 1.53987070e+03
 5.60168565e+22 1.54305620e+03
 5.63243736e+22 1.54624170e+03
 5.66318907e+22 1.54942720e+03
 5.69394077e+22 1.55261270e+03
 5.72469248e+22 1.55579820e+03
 5.75544419e+22 1.55898370e+03
 5.78619590e+22 1.56216920e+03
 5.81694761e+22 1.56535470e+03
 5.84769932e+22 1.56854020e+03
 5.87977273e+22 1.57172570e+03
 5.91272727e+22 1.57491120e+03
 5.94568182e+22 1.57809670e+03
 5.97863636e+22 1.58128220e+03
 6.01159091e+22 1.58446770e+03
 6.04454545e+22 1.58765320e+03
 6.07750000e+22 1.59083870e+03
 6.11045455e+22 1.59402420e+03
 6.14340909e+22 1.59720970e+03
 6.17636364e+22 1.60039520e+03
 6.20931818e+22 1.60358070e+03
 6.24227273e+22 1.60676620e+03
 6.27522727e+22 1.60995170e+03
 6.30818182e+22 1.61313720e+03
 6.34113636e+22 1.61632270e+03
 6.37409091e+22 1.61950820e+03
 6.40704545e+22 1.62269370e+03
 6.44000000e+22 1.62587920e+03
 6.47295455e+22 1.62906470e+03
 6.50590909e+22 1.63225020e+03
 6.53886364e+22 1.63543570e+03
 6.57181818e+22 1.63862120e+03
 6.60477273e+22 1.64180670e+03
 6.63772727e+22 1.64499220e+03
 6.67068182e+22 1.64817770e+03
 6.70363636e+22 1.65136320e+03
 6.73659091e+22 1.65454870e+03
 6.76954545e+22 1.65773420e+03
 6.80250000e+22 1.66091970e+03
 6.83545455e+22 1.66410520e+03
 6.86840909e+22 1.66729070e+03
 6.90136364e+22 1.67047620e+03
 6.93431818e+22 1.67366170e+03
 6.96727273e+22 1.67684720e+03
 7.00022727e+22 1.68003270e+03
 7.03318182e+22 1.68321820e+03
 7.06613636e+22 1.68640370e+03
 7.09909091e+22 1.68958920e+03
 7.13204545e+22 1.69277470e+03
 7.16500000e+22 1.69596020e+03
 7.19795455e+22 1.69914570e+03
 7.23090909e+22 1.70233120e+03
 7.26386364e+22 1.70551670e+03
 7.29681818e+22 1.70870220e+03
 7.32963636e+22 1.71188770e+03
 7.36236364e+22 1.71507320e+03
 7.39509091e+22 1.71825870e+03
 7.42781818e+22 1.72144420e+03
 7.46054545e+22 1.72462970e+03
 7.49327273e+22 1.72781520e+03
 7.52600000e+22 1.73100070e+03
 7.55872727e+22 1.73418620e+03
 7.59145455e+22 1.73737170e+03
 7.62418182e+22 1.74055720e+03
 7.65690909e+22 1.74374270e+03
 7.68963636e+22 1.74692820e+03
 7.72236364e+22 1.75011370e+03
 7.75509091e+22 1.75329920e+03
 7.78781818e+22 1.75648470e+03
 7.82054545e+22 1.75967020e+03
 7.85327273e+22 1.76285570e+03
 7.88600000e+22 1.76604120e+03
 7.91872727e+22 1.76922670e+03
 7.95145455e+22 1.77241220e+03
 7.98418182e+22 1.77559770e+03
 8.01690909e+22 1.77878320e+03
 8.04963636e+22 1.78196870e+03
 8.08236364e+22 1.78515420e+03
 8.11509091e+22 1.78833970e+03
 8.14781818e+22 1.79152520e+03
 8.18054545e+22 1.79471070e+03
 8.21327273e+22 1.79789620e+03
 8.24600000e+22 1.80108170e+03
 8.27872727e+22 1.80426720e+03
 8.31145455e+22 1.80745270e+03
 8.34418182e+22 1.81063820e+03
 8.37690909e+22 1.81382370e+03
 8.40963636e+22 1.81700920e+03
 8.44236364e+22 1.82019470e+03
 8.47509091e+22 1.82338020e+03
 8.50781818e+22 1.82656570e+03
 8.54054545e+22 1.82975120e+03
 8.57327273e+22 1.83293670e+03
 8.60600000e+22 1.83612220e+03
 8.63872727e+22 1.83930770e+03
 8.67145455e+22 1.84249320e+03
 8.70418182e+22 1.84567870e+03
 8.73690909e+22 1.84886420e+03
 8.76845103e+22 1.85204970e+03
 8.79920273e+22 1.85523520e+03
 8.82995444e+22 1.85842070e+03
 8.86070615e+22 1.86160620e+03
 8.89145786e+22 1.86479170e+03
 8.92220957e+22 1.86797720e+03
 8.95296128e+22 1.87116270e+03
 8.98371298e+22 1.87434820e+03
 9.01446469e+22 1.87753370e+03
 9.04521640e+22 1.88071920e+03
 9.07596811e+22 1.88390470e+03
 9.10671982e+22 1.88709020e+03
 9.13747153e+22 1.89027570e+03
 9.16822323e+22 1.89346120e+03
 9.19897494e+22 1.89664670e+03
 9.22972665e+22 1.89983220e+03
 9.26047836e+22 1.90301770e+03
 9.29123007e+22 1.90620320e+03
 9.32198178e+22 1.90938870e+03
 9.35273349e+22 1.91257420e+03
 9.38348519e+22 1.91575970e+03
 9.41423690e+22 1.91894520e+03
 9.44498861e+22 1.92213070e+03
 9.47574032e+22 1.92531620e+03
 9.50649203e+22 1.92850170e+03
 9.53724374e+22 1.93168720e+03
 9.56799544e+22 1.93487270e+03
 9.59874715e+22 1.93805820e+03
 9.62949886e+22 1.94124370e+03
 9.66025057e+22 1.94442920e+03
 9.69100228e+22 1.94761470e+03
 9.72175399e+22 1.95080020e+03
 9.75250569e+22 1.95398570e+03
 9.78325740e+22 1.95717120e+03
 9.81400911e+22 1.96035670e+03
 9.84476082e+22 1.96354220e+03
 9.87551253e+22 1.96672770e+03
 9.90626424e+22 1.96991320e+03
 9.93701595e+22 1.97309870e+03
 9.96776765e+22 1.97628420e+03
 9.99851936e+22 1.97946970e+03
 1.00292711e+23 1.98265520e+03
 1.00600228e+23 1.98584070e+03
 1.00907745e+23 1.98902620e+03
 1.01159453e+23 1.99221170e+03
 1.01387244e+23 1.99539720e+03
 1.01615034e+23 1.99858270e+03
 1.01842825e+23 2.00176820e+03
 1.02070615e+23 2.00495370e+03
 1.02298405e+23 2.00813920e+03
 1.02526196e+23 2.01132470e+03
 1.02753986e+23 2.01451020e+03
 1.02981777e+23 2.01769570e+03
 1.03209567e+23 2.02088120e+03
 1.03437358e+23 2.02406670e+03
 1.03665148e+23 2.02725220e+03
 1.03892938e+23 2.03043770e+03
 1.04120729e+23 2.03362320e+03
 1.04348519e+23 2.03680870e+03
 1.04576310e+23 2.03999420e+03
 1.04804100e+23 2.04317970e+03
 1.05031891e+23 2.04636520e+03
 1.05259681e+23 2.04955070e+03
 1.05487472e+23 2.05273620e+03
 1.05715262e+23 2.05592170e+03
 1.05943052e+23 2.05910720e+03
 1.06170843e+23 2.06229270e+03
 1.06398633e+23 2.06547820e+03
 1.06626424e+23 2.06866370e+03
 1.06854214e+23 2.07184920e+03
 1.07082005e+23 2.07503470e+03
 1.07309795e+23 2.07822020e+03
 1.07537585e+23 2.08140570e+03
 1.07765376e+23 2.08459120e+03
 1.07993166e+23 2.08777670e+03
 1.08220957e+23 2.09096220e+03
 1.08448747e+23 2.09414770e+03
 1.08676538e+23 2.09733320e+03
 1.08904328e+23 2.10051870e+03
 1.09132118e+23 2.10370420e+03
 1.09359909e+23 2.10688970e+03
 1.09587699e+23 2.11007520e+03
 1.09815490e+23 2.11326070e+03
 1.10043280e+23 2.11644620e+03
 1.10271071e+23 2.11963170e+03
 1.10498861e+23 2.12281720e+03
 1.10726651e+23 2.12600270e+03
 1.10954442e+23 2.12918820e+03
 1.11018182e+23 2.13237370e+03
 1.11040909e+23 2.13555920e+03
 1.11063636e+23 2.13874470e+03
 1.11086364e+23 2.14193020e+03
 1.11109091e+23 2.14511570e+03
 1.11131818e+23 2.14830120e+03
 1.11154545e+23 2.15148670e+03
 1.11177273e+23 2.15467220e+03
 1.11200000e+23 2.15785770e+03
 1.11222727e+23 2.16104320e+03
 1.11245455e+23 2.16422870e+03
 1.11268182e+23 2.16741420e+03
 1.11290909e+23 2.17059970e+03
 1.11313636e+23 2.17378520e+03
 1.11336364e+23 2.17697070e+03
 1.11359091e+23 2.18015620e+03
 1.11381818e+23 2.18334170e+03
 1.11404545e+23 2.18652720e+03
 1.11427273e+23 2.18971270e+03
 1.11450000e+23 2.19289820e+03
 1.11472727e+23 2.19608370e+03
 1.11495455e+23 2.19926920e+03
 1.11518182e+23 2.20245470e+03
 1.11540909e+23 2.20564020e+03
 1.11563636e+23 2.20882570e+03
 1.11586364e+23 2.21201120e+03
 1.11609091e+23 2.21519670e+03
 1.11631818e+23 2.21838220e+03
 1.11654545e+23 2.22156770e+03
 1.11677273e+23 2.22475320e+03
 1.11700000e+23 2.22793870e+03
 1.11722727e+23 2.23112420e+03
 1.11745455e+23 2.23430970e+03
 1.11768182e+23 2.23749520e+03
 1.11790909e+23 2.24068070e+03
 1.11813636e+23 2.24386620e+03
 1.11836364e+23 2.24705170e+03
 1.11859091e+23 2.25023720e+03
 1.11881818e+23 2.25342270e+03
 1.11904545e+23 2.25660820e+03
 1.11927273e+23 2.25979370e+03
 1.11950000e+23 2.26297920e+03
 1.11972727e+23 2.26616470e+03
 1.11995455e+23 2.26935020e+03
 1.12000000e+23 2.27253570e+03
 1.12000000e+23 2.27572120e+03
 1.12000000e+23 2.27890670e+03
 1.12000000e+23 2.28209220e+03
 1.12000000e+23 2.28527770e+03
 1.12000000e+23 2.28846320e+03
 1.12000000e+23 2.29164870e+03
 1.12000000e+23 2.29483420e+03
 1.12000000e+23 2.29801970e+03
 1.12000000e+23 2.30120520e+03
 1.12000000e+23 2.30439070e+03
 1.12000000e+23 2.30757620e+03
 1.12000000e+23 2.31076170e+03
 1.12000000e+23 2.31394720e+03
 1.12000000e+23 2.31713270e+03
 1.12000000e+23 2.32031820e+03
 1.12000000e+23 2.32350370e+03
 1.12000000e+23 2.32668920e+03
 1.12000000e+23 2.32987470e+03
 1.12000000e+23 2.33306020e+03
 1.12000000e+23 2.33624570e+03
 1.12000000e+23 2.33943120e+03
 1.12000000e+23 2.34261670e+03
 1.12000000e+23 2.34580220e+03
 1.12000000e+23 2.34898770e+03
 1.12000000e+23 2.35217320e+03
 1.12000000e+23 2.35535870e+03
 1.12000000e+23 2.35854420e+03
 1.12000000e+23 2.36172970e+03
 1.12000000e+23 2.36491520e+03
 1.12000000e+23 2.36810070e+03
 1.12000000e+23 2.37128620e+03
 1.12000000e+23 2.37447170e+03
 1.12000000e+23 2.37765720e+03
 1.12000000e+23 2.38084270e+03
 1.12000000e+23 2.38402820e+03
 1.12000000e+23 2.38721370e+03
 1.12000000e+23 2.39039920e+03
 1.12000000e+23 2.39358470e+03
 1.12000000e+23 2.39677020e+03
 1.12000000e+23 2.39995570e+03
 1.12000000e+23 2.40314120e+03
 1.12000000e+23 2.40632670e+03
 1.12000000e+23 2.40951220e+03
 1.12000000e+23 2.41269770e+03
 1.12000000e+23 2.41588320e+03
 1.12000000e+23 2.41906870e+03
 1.12000000e+23 2.42225420e+03
 1.12000000e+23 2.42543970e+03
 1.12000000e+23 2.42862520e+03
 1.12000000e+23 2.43181070e+03
 1.12000000e+23 2.43499620e+03
 1.12000000e+23 2.43818170e+03
 1.12000000e+23 2.44136720e+03
 1.12000000e+23 2.44455270e+03
 1.12000000e+23 2.44773820e+03
 1.12000000e+23 2.45092370e+03
 1.12000000e+23 2.45410920e+03
 1.12000000e+23 2.45729470e+03
 1.12000000e+23 2.46048020e+03
 1.12000000e+23 2.46366570e+03
 1.12000000e+23 2.46685120e+03
 1.12000000e+23 2.47003670e+03
 1.12000000e+23 2.47322220e+03
 1.12000000e+23 2.47640770e+03
 1.12000000e+23 2.47959320e+03
 1.12000000e+23 2.48277870e+03
 1.12000000e+23 2.48596420e+03
 1.12000000e+23 2.48914970e+03
 1.12000000e+23 2.49233520e+03
 1.12000000e+23 2.49552070e+03
 1.12000000e+23 2.49870620e+03
 1.12000000e+23 2.50189170e+03
 1.12000000e+23 2.50507720e+03
 1.12000000e+23 2.50826270e+03
 1.12000000e+23 2.51144820e+03
 1.12000000e+23 2.51463370e+03
 1.12000000e+23 2.51781920e+03
 1.12000000e+23 2.52100470e+03
 1.12000000e+23 2.52419020e+03
 1.12000000e+23 2.52737570e+03
 1.12000000e+23 2.53056120e+03
 1.12000000e+23 2.53374670e+03
 1.12000000e+23 2.53693220e+03
 1.12000000e+23 2.54011770e+03
 1.12000000e+23 2.54330320e+03
 1.12000000e+23 2.54648870e+03
 1.12000000e+23 2.54967420e+03
 1.12000000e+23 2.55285970e+03
 1.12000000e+23 2.55604520e+03
 1.12000000e+23 2.55923070e+03
 1.12000000e+23 2.56241620e+03
 1.12000000e+23 2.56560170e+03
 1.12000000e+23 2.56878720e+03
 1.12000000e+23 2.57197270e+03
 1.12000000e+23 2.57515820e+03
 1.12000000e+23 2.57834370e+03
 1.12000000e+23 2.58152920e+03
 1.12000000e+23 2.58471470e+03
 1.12000000e+23 2.58790020e+03
 1.12000000e+23 2.59108570e+03
 1.12000000e+23 2.59427120e+03
 1.12000000e+23 2.59745670e+03
 1.12000000e+23 2.60064220e+03
 1.12000000e+23 2.60382770e+03
 1.12000000e+23 2.60701320e+03
 1.12000000e+23 2.61019870e+03
 1.12000000e+23 2.61338420e+03
 1.12000000e+23 2.61656970e+03
 1.12000000e+23 2.61975520e+03
 1.12000000e+23 2.62294070e+03
 1.12000000e+23 2.62612620e+03
 1.12000000e+23 2.62931170e+03
 1.12000000e+23 2.63249720e+03
 1.12000000e+23 2.63568270e+03
 1.12000000e+23 2.63886820e+03
 1.12000000e+23 2.64205370e+03
 1.12000000e+23 2.64523920e+03
 1.12000000e+23 2.64842470e+03
 1.12000000e+23 2.65161020e+03
 1.12000000e+23 2.65479570e+03
 1.12000000e+23 2.65798120e+03
 1.12000000e+23 2.66116670e+03
 1.12000000e+23 2.66435220e+03
 1.12000000e+23 2.66753770e+03
 1.12000000e+23 2.67072320e+03
 1.12000000e+23 2.67390870e+03
 1.12000000e+23 2.67709420e+03
 1.12000000e+23 2.68027970e+03
 1.12000000e+23 2.68346520e+03
 1.12000000e+23 2.68665070e+03
 1.12000000e+23 2.68983620e+03
 1.12000000e+23 2.69302170e+03
 1.12000000e+23 2.69620720e+03
 1.12000000e+23 2.69939270e+03
 1.12000000e+23 2.70257820e+03
 1.12000000e+23 2.70576370e+03
 1.12000000e+23 2.70894920e+03
 1.12000000e+23 2.71213470e+03
 1.12000000e+23 2.71532020e+03
 1.12000000e+23 2.71850570e+03
 1.12000000e+23 2.72169120e+03
 1.12000000e+23 2.72487670e+03
 1.12000000e+23 2.72806220e+03
 1.12000000e+23 2.73124770e+03
 1.12000000e+23 2.73443320e+03
 1.12000000e+23 2.73761870e+03
 1.12000000e+23 2.74080420e+03
 1.12000000e+23 2.74398970e+03
 1.12000000e+23 2.74717520e+03
 1.12000000e+23 2.75036070e+03
 1.12000000e+23 2.75354620e+03
 1.12000000e+23 2.75673170e+03
 1.12000000e+23 2.75991720e+03
 1.12000000e+23 2.76310270e+03
 1.12000000e+23 2.76628820e+03
 1.12000000e+23 2.76947370e+03
 1.12000000e+23 2.77265920e+03
 1.12000000e+23 2.77584470e+03
 1.12000000e+23 2.77903020e+03
 1.12000000e+23 2.78221570e+03
 1.12000000e+23 2.78540120e+03
 1.12000000e+23 2.78858670e+03
 1.12000000e+23 2.79177220e+03
 1.12000000e+23 2.79495770e+03
 1.12000000e+23 2.79814320e+03
 1.12000000e+23 2.80132870e+03
 1.12000000e+23 2.80451420e+03
 1.12000000e+23 2.80769970e+03
 1.12000000e+23 2.81088520e+03
 1.12000000e+23 2.81407070e+03
 1.12000000e+23 2.81725620e+03
 1.12000000e+23 2.82044170e+03
 1.12000000e+23 2.82362720e+03
 1.12000000e+23 2.82681270e+03
 1.12000000e+23 2.82999820e+03

