# H/nR [K?], depth [km]
21064.381866 0.000000
21095.481517 2.891892
21142.127235 5.783784
21188.775459 8.675675
21235.421177 11.567568
21282.069401 14.459459
21328.717625 17.351351
21375.363343 20.243244
21422.011567 23.135136
21468.657285 26.027027
21499.756936 28.918919
21546.405160 31.810810
21593.050878 34.702702
21639.699102 37.594593
21686.344820 40.486488
21732.993044 43.378380
21779.641268 46.270271
21826.286986 49.162163
21872.935210 52.054054
21904.032355 54.945946
21950.680579 57.837837
21997.326297 60.729729
22043.974521 63.621620
22090.622745 66.513512
22137.268463 69.405403
22183.916687 72.297295
22230.562405 75.189186
22277.210629 78.081078
22308.307774 80.972977
22354.955998 83.864868
22401.604222 86.756760
22448.249940 89.648651
22494.898164 92.540543
22541.546388 95.432434
22588.192106 98.324326
22634.840330 101.216217
22681.486048 104.108109
22728.134272 107.000000
22759.231417 109.891891
22805.879641 112.783783
22852.527865 115.675674
22899.173583 118.567566
22945.821807 121.459457
22992.467525 124.351349
23039.115749 127.243240
23085.763972 130.135132
23132.409690 133.027023
23163.509342 135.918915
23210.155060 138.810806
23256.803284 141.702698
23303.451507 144.594589
23350.097226 147.486481
23396.745449 150.378372
23443.391168 153.270264
23490.039391 156.162155
23536.687615 159.054047
23567.784761 161.945953
23614.432985 164.837845
23661.078703 167.729736
23707.726926 170.621628
23754.372645 173.513519
23801.020868 176.405411
23847.669092 179.297302
23894.314810 182.189194
23940.963034 185.081085
23972.060180 187.972977
24018.708403 190.864868
24065.354122 193.756760
24112.002345 196.648651
24158.650569 199.540543
24205.296287 202.432434
24251.944511 205.324326
24298.592735 208.216217
24345.238453 211.108109
24391.886677 214.000000
24422.983822 216.891891
24469.632046 219.783783
24516.277764 222.675674
24562.925988 225.567566
24609.574212 228.459457
24656.219930 231.351349
24702.868154 234.243240
24749.513872 237.135132
24796.162096 240.027023
24827.259241 242.918915
24873.907465 245.810806
24920.555689 248.702698
24967.201407 251.594589
25013.849631 254.486481
25060.497855 257.378387
25107.143573 260.270264
25153.791797 263.162170
25200.437515 266.054047
25231.537166 268.945953
25278.182884 271.837830
25324.831108 274.729736
25371.479332 277.621613
25418.125050 280.513519
25464.773274 283.405396
25511.418992 286.297302
25558.067216 289.189178
25604.715440 292.081085
25635.812585 294.972961
25682.460809 297.864868
25729.106527 300.756744
25775.754751 303.648651
25822.400469 306.540527
25869.048693 309.432434
25915.696917 312.324310
25962.342635 315.216217
26008.990859 318.108093
26055.639083 321.000000
26086.736228 323.891907
26133.384452 326.783783
26180.030170 329.675690
26226.678394 332.567566
26273.324112 335.459473
26319.972336 338.351349
26366.620560 341.243256
26413.266278 344.135132
26459.914502 347.027039
26491.011647 349.918915
26541.694231 352.810822
26588.207141 355.702698
26637.674405 358.594604
26686.532756 361.486481
26734.799735 364.378387
26782.492883 367.270264
26832.882287 370.162170
26879.427772 373.054047
26911.224040 375.945953
26960.009723 378.837830
27008.201528 381.729736
27055.816995 384.621613
27102.871161 387.513519
27152.310861 390.405396
27198.247434 393.297302
27246.511908 396.189178
27263.250742 399.081085
27299.780491 401.972961
27339.412437 404.864868
27370.269024 407.756744
27403.776762 410.648651
27439.860476 413.540527
27527.243204 416.432434
27481.186352 419.324310
27525.020548 422.216217
27571.114987 425.108093
27614.079665 428.000000
27644.244648 430.891907
27689.108732 433.783783
27733.519265 436.675690
27777.488774 439.567566
27823.508039 442.459473
27866.598007 445.351349
27911.695133 448.243256
27956.328683 451.135132
28000.513692 454.027039
28028.177873 456.918915
28073.956579 459.810822
28116.991420 462.702698
28161.850493 465.594604
28206.253508 468.486481
28250.212994 471.378387
28293.738974 474.270264
28328.376834 477.162170
28383.700184 480.054047
28413.278807 482.945953
28447.082231 485.837830
28500.831930 488.729736
28534.048994 491.621613
28567.065592 494.513519
28599.886737 497.405396
28632.517440 500.297302
28684.089588 503.189178
28716.186553 506.081085
28724.921819 508.972961
28775.484123 511.864868
28807.052361 514.756775
28838.450204 517.648621
28869.675146 520.540527
28900.732199 523.432434
28913.689760 526.324341
28944.556371 529.216187
28957.456299 532.108093
29005.800958 535.000000
29031.899006 537.891907
29062.131645 540.783813
29092.208925 543.675659
29139.140306 546.567566
29168.791597 549.459473
29198.292539 552.351379
29244.163960 555.243225
29273.258961 558.135132
29302.213636 561.027039
29326.815712 563.918945
29371.444251 566.810791
29399.887740 569.702698
29443.814650 572.594604
29471.892290 575.486511
29515.140125 578.378357
29542.864446 581.270264
29570.463475 584.162170
29612.844299 587.054077
29635.957922 589.945923
29677.727327 592.837830
29704.672340 595.729736
29745.845361 598.621643
29772.472135 601.513489
29813.071325 604.405396
29839.392390 607.297302
29879.435290 610.189209
29919.122364 613.081055
29940.882848 615.972961
29966.630082 618.864868
30005.623045 621.756775
30044.285242 624.648621
30069.581429 627.540527
30107.752486 630.432434
30145.610316 633.324341
30183.159931 636.216187
30207.867252 639.108093
30244.963315 642.000000
30265.408247 644.891907
30302.065793 647.783813
45507.660272 650.675659
45561.808395 653.567566
45615.554336 656.459473
45703.948160 659.351379
45741.851095 662.243225
45785.501113 665.135132
45828.921849 668.027039
20447.438056 670.918945
20471.696837 673.810791
20495.929306 676.702698
20520.135464 679.594604
20544.315312 682.486511
20568.468848 685.378357
20592.597952 688.270264
20616.698866 691.162170
20640.773469 694.054077
20656.808170 696.945923
20680.841427 699.837830
20704.848373 702.729736
20728.829008 705.621643
20752.783332 708.513489
20776.711345 711.405396
20800.611168 714.297302
20824.488438 717.189209
20848.335639 720.081055
20864.221870 722.972961
20888.027724 725.864868
20911.805389 728.756775
20935.560500 731.648621
20959.287422 734.540527
20982.988032 737.432434
21006.664211 740.324341
21030.312199 743.216187
21053.935756 746.108093
21077.531122 749.000000
42186.496422 751.891907
42233.604462 754.783813
42280.656122 757.675659
42327.658919 760.567566
42374.609093 763.459473
42421.506645 766.351379
42468.351576 769.243225
42515.147643 772.135132
42561.887329 775.027039
42593.020808 777.918945
42639.670285 780.810791
42686.270898 783.702698
42732.822649 786.594604
42779.318018 789.486511
42825.764524 792.378357
42872.154649 795.270264
42918.495911 798.162170
42964.784550 801.054077
42995.613573 803.945923
43041.815763 806.837830
43087.961571 809.729736
43134.058516 812.621643
43180.102839 815.513489
43226.094539 818.405396
43272.037377 821.297302
43317.927592 824.189209
43363.757668 827.081055
43394.282235 829.972961
43440.033377 832.864868
43485.728139 835.756775
43531.370279 838.648621
43576.963555 841.540527
43622.504210 844.432434
43667.988483 847.324341
43713.423893 850.216187
43758.810440 853.108093
43804.136847 856.000000
43834.330647 858.891907
43879.570604 861.783813
43924.761697 864.675659
43969.903927 867.567566
44014.986018 870.459473
44060.019245 873.351379
44104.999850 876.243225
44149.931591 879.135132
44194.810711 882.027039
44224.696295 884.918945
44269.488964 887.810791
44314.225253 890.702698
44358.912677 893.594604
44403.547480 896.486511
44448.125902 899.378357
44492.659219 902.270264
44537.132397 905.162170
44581.556712 908.054077
44611.145357 910.945923
44655.483221 913.837830
44699.768463 916.729736
44744.001083 919.621643
44788.177321 922.513489
44832.312214 925.405396
44876.386968 928.297302
44920.409099 931.189209
44964.382367 934.081055
44993.666556 936.972961
45037.553374 939.864868
45081.383810 942.756775
45125.165384 945.648621
45168.894335 948.540527
45212.566905 951.432434
45256.194371 954.324341
45299.765456 957.216187
45343.280160 960.108093
45386.749759 963.000000
45415.695664 965.891907
45459.078813 968.783813
45502.401822 971.675659
45545.679727 974.567566
45588.905010 977.459473
45632.073911 980.351379
45675.193950 983.243225
45718.261366 986.135132
45761.272402 989.027039
45789.921368 991.918945
45832.849711 994.810791
45875.725433 997.702698
45918.544774 1000.594604
45961.315251 1003.486511
46004.029348 1006.378357
46046.698340 1009.270264
46089.310951 1012.162170
46131.870941 1015.054077
46160.219209 1017.945923
46202.692747 1020.837830
46245.113664 1023.729736
46287.481958 1026.621582
46329.801389 1029.513550
46372.064439 1032.405396
46414.282385 1035.297241
46456.443950 1038.189209
46498.549134 1041.081055
46526.589187 1043.973022
46568.615438 1046.864868
46610.581549 1049.756714
46652.498797 1052.648682
46694.359664 1055.540527
46736.175427 1058.432373
46777.938567 1061.324341
46819.645327 1064.216187
46861.299465 1067.108154
46902.900980 1070.000000
46930.610266 1072.891846
46972.125331 1075.783813
47013.591532 1078.675659
47055.005112 1081.567627
47096.362311 1084.459473
47137.670646 1087.351318
47178.926359 1090.243286
47220.125692 1093.135132
47261.276161 1096.026978
47288.680990 1098.918945
47329.745008 1101.810791
47370.756405 1104.702759
47411.715179 1107.594604
47452.621331 1110.486450
47493.478620 1113.378418
47534.279529 1116.270264
47575.027815 1119.162109
47615.730996 1122.054077
47642.831369 1124.945923
47683.440582 1127.837891
47724.000932 1130.729736
47764.508660 1133.621582
47804.960007 1136.513550
47845.358732 1139.405396
47885.708594 1142.297241
47926.009592 1145.189209
47966.254210 1148.081055
47993.053885 1150.973022
48033.215811 1153.864868
48073.321356 1156.756714
48113.370520 1159.648682
48153.370820 1162.540527
48193.326016 1165.432373
48233.221073 1168.324341
48273.063507 1171.216187
48312.857078 1174.108154
48352.598027 1177.000000
48379.059418 1179.891846
48418.713916 1182.783813
48458.312034 1185.675659
48497.861288 1188.567627
48537.357920 1191.459473
48576.801930 1194.351318
48616.193318 1197.243286
48655.535843 1200.135132
48694.818228 1203.026978
48720.982680 1205.918945
48760.186132 1208.810791
48799.333203 1211.702759
48838.427652 1214.594604
48877.473238 1217.486450
48916.462443 1220.378418
48955.402784 1223.270264
48994.290504 1226.162109
49033.121843 1229.054077
49058.981838 1231.945923
49097.730485 1234.837891
49136.422751 1237.729736
49175.066153 1240.621582
49213.656934 1243.513550
49252.195093 1246.405396
49290.684388 1249.297241
49329.121061 1252.189209
49367.501353 1255.081055
49393.053133 1257.973022
49431.358251 1260.864868
49469.599471 1263.756714
49507.784310 1266.648682
49545.924044 1269.540527
49584.011156 1272.432373
49622.041887 1275.324341
49660.023755 1278.216187
49697.953001 1281.108154
49735.833383 1284.000000
49761.050637 1286.891846
49798.837052 1289.783813
49836.578362 1292.675659
49874.263291 1295.567627
49911.891839 1298.459473
49949.479041 1301.351318
49987.009863 1304.243286
50024.484304 1307.135132
50061.906122 1310.026978
50086.826437 1312.918945
50124.165564 1315.810791
50161.448310 1318.702759
50198.678434 1321.594604
50235.859694 1324.486450
50272.988333 1327.378418
50310.064349 1330.270264
50347.083985 1333.162109
50384.058516 1336.054077
50408.678133 1338.945923
50445.562455 1341.837891
50482.390396 1344.729736
50519.173232 1347.621582
50555.895929 1350.513550
50592.573521 1353.405396
50629.198490 1356.297241
50665.770838 1359.189209
50702.286805 1362.081055
50726.601967 1364.973022
50763.031483 1367.864868
50799.415895 1370.756714
50835.740167 1373.648682
50872.011817 1376.540527
50908.234604 1379.432373
50944.408528 1382.324341
50980.522312 1385.216187
51016.590991 1388.108154
51052.607048 1391.000000
51076.580166 1393.891846
51112.509773 1396.783813
51148.382999 1399.675659
51184.207361 1402.567627
51219.975343 1405.459473
51255.686944 1408.351318
51291.353440 1411.243286
51326.971073 1414.135132
51362.528566 1417.026978
51386.208504 1419.918945
51421.683305 1422.810791
51457.101726 1425.702759
51492.471283 1428.594604
51527.791977 1431.486450
51563.052532 1434.378418
51598.267982 1437.270264
51633.427051 1440.162109
51668.537256 1443.054077
51691.912738 1445.945923
51726.932734 1448.837891
51761.892591 1451.729736
51796.814860 1454.621582
51831.676991 1457.513550
51866.486499 1460.405396
51901.247143 1463.297241
51935.958925 1466.189209
51970.610567 1469.081055
51993.685350 1471.973022
52028.258059 1474.864868
52062.766869 1477.756714
52097.230575 1480.648682
52131.645417 1483.540527
52166.003879 1486.432373
52200.309719 1489.324341
52234.566695 1492.216187
52268.771049 1495.108154
52302.915263 1498.000000
52325.655521 1500.891846
52359.713285 1503.783813
52393.729703 1506.675659
52427.685981 1509.567627
52461.593397 1512.459473
52495.444431 1515.351318
52529.250361 1518.243286
52562.996151 1521.135132
52596.693078 1524.026978
52619.136396 1526.918945
52652.739355 1529.810791
52686.297210 1532.702759
52719.809959 1535.594604
52753.255052 1538.486450
52786.655040 1541.378418
52820.002406 1544.270264
52853.308426 1547.162109
52886.543030 1550.054077
52908.685651 1552.945923
52941.837563 1555.837891
52974.944371 1558.729736
53007.998557 1561.621582
53041.000120 1564.513550
53073.952821 1567.405396
53106.845381 1570.297241
53139.689079 1573.189209
53172.476395 1576.081055
53194.307042 1578.973022
53227.015426 1581.864868
53259.667428 1584.756714
53292.263050 1587.648682
53324.817326 1590.540527
53357.311463 1593.432373
53389.756736 1596.324341
53422.145628 1599.216187
53454.485657 1602.108154
53486.769305 1605.000000
53508.265426 1607.891846
53540.462623 1610.783813
53572.618475 1613.675659
53604.706669 1616.567627
53636.749759 1619.459473
53668.743986 1622.351318
53700.681832 1625.243286
53732.563297 1628.135132
53764.403416 1631.026978
53785.595081 1633.918945
53817.337473 1636.810791
53849.034761 1639.702759
53880.679426 1642.594604
53912.263952 1645.486450
53943.803374 1648.378418
53975.293932 1651.270264
54006.720592 1654.162109
54038.105906 1657.054077
54058.996873 1659.945923
54090.291977 1662.837891
54121.538219 1665.729736
54152.720562 1668.621582
54183.854041 1671.513550
54214.946175 1674.405396
54245.978169 1677.297241
54276.953783 1680.189209
54307.888050 1683.081055
54328.470802 1685.973022
54359.318619 1688.864868
54390.102538 1691.756714
54420.841352 1694.648682
54451.527544 1697.540527
54482.157355 1700.432373
54512.738303 1703.324341
54543.270387 1706.216187
54573.738573 1709.108154
54604.161655 1712.000000
54624.417398 1714.891846
54654.757788 1717.783813
54685.038038 1720.675659
54715.269425 1723.567627
54745.455707 1726.459473
54775.578091 1729.351318
54805.651612 1732.243286
54835.676269 1735.135132
54865.640787 1738.026978
54885.595832 1740.918945
54915.477658 1743.810791
54945.314379 1746.702759
54975.087202 1749.594604
55004.818679 1752.486450
55034.490017 1755.378418
55064.112491 1758.270264
55093.682343 1761.162109
55123.199573 1764.054077
55142.850162 1766.945923
55172.280942 1769.837891
55201.659099 1772.729736
55230.988393 1775.621582
55260.257548 1778.513550
55289.481597 1781.405396
55318.649266 1784.297241
55347.764313 1787.189209
55376.838014 1790.081055
55396.184147 1792.973022
55425.160121 1795.864868
55454.079715 1798.756714
55482.950445 1801.648682
55511.779829 1804.540527
55540.549074 1807.432373
55569.261938 1810.324341
55597.933456 1813.216187
55626.541075 1816.108154
55655.099832 1819.000000
55674.118956 1821.891846
55702.576227 1824.783813
55731.003428 1827.675659
55759.370490 1830.567627
55787.684929 1833.459473
55815.954264 1836.351318
55844.163459 1839.243286
55872.320032 1842.135132
55900.431501 1845.026978
55919.138652 1847.918945
55947.159911 1850.810791
55975.124790 1853.702759
56003.044563 1856.594604
56030.907956 1859.486450
56058.714969 1862.378418
56086.476876 1865.270264
56114.182403 1868.162109
56141.835308 1871.054077
56160.241761 1873.945923
56187.815732 1876.837891
56215.325806 1879.729736
56242.787016 1882.621582
56270.203121 1885.513550
56297.559087 1888.405396
56324.862431 1891.297241
56352.113153 1894.189209
56379.322528 1897.081055
56397.424525 1899.973022
56424.539933 1902.864868
56451.602718 1905.756714
56478.605364 1908.648682
56505.570423 1911.540527
56532.475343 1914.432373
56559.323881 1917.324341
56586.131074 1920.216187
56612.881886 1923.108154
56639.572558 1926.000000
56657.340029 1928.891846
56683.955527 1931.783813
56710.507127 1934.675659
56737.013622 1937.567627
56763.471253 1940.459473
56789.868745 1943.351318
56816.217374 1946.243286
56842.517140 1949.135132
56868.756766 1952.026978
56886.223539 1954.918945
56912.380473 1957.810791
56938.484785 1960.702759
56964.540233 1963.594604
56990.539301 1966.486450
57016.485747 1969.378418
57042.372053 1972.270264
57068.220772 1975.162109
57094.013110 1978.054077
57111.175427 1980.945923
57136.881315 1983.837891
57162.534580 1986.729736
57188.131465 1989.621582
57213.683245 1992.513550
57239.178644 1995.405396
57264.621422 1998.297241
57290.007818 2001.189209
57315.349110 2004.081055
57332.210729 2006.973022
57357.461811 2009.864868
57382.656513 2012.756714
57407.809869 2015.648682
57432.903085 2018.540527
57457.939921 2021.432373
57482.931651 2024.324341
57507.874519 2027.216187
57532.757247 2030.108154
57557.587353 2033.000000
57574.121963 2035.891846
57598.861860 2038.783813
57623.552893 2041.675659
57648.202580 2044.567627
57672.780852 2047.459473
57697.325295 2050.351318
57721.809598 2053.243164
57746.241280 2056.135254
57770.624098 2059.027100
57786.846734 2061.918945
57811.139343 2064.810791
57835.375571 2067.702637
57859.570453 2070.594482
57883.705196 2073.486572
57907.791075 2076.378418
57931.828091 2079.270264
57955.801209 2082.162109
57979.729222 2085.053955
57995.651161 2087.946045
58019.492723 2090.837891
58043.277905 2093.729736
58067.017982 2096.621582
58090.705437 2099.513428
58114.332752 2102.405518
58137.911204 2105.297363
58161.444551 2108.189209
58184.917759 2111.081055
58200.535242 2113.972900
58223.921999 2116.864746
58247.256134 2119.756836
58270.541406 2122.648682
58293.774056 2125.540527
58316.950325 2128.432373
58340.077730 2131.324219
58363.152514 2134.216309
58386.174675 2137.108154
58409.144215 2140.000000
58424.427171 2142.891846
58447.314019 2145.783691
58470.148244 2148.675781
58492.914812 2151.567627
58515.643794 2154.459473
58538.320153 2157.351318
58560.936372 2160.243164
58583.515005 2163.135254
58606.029739 2166.027100
58621.011998 2168.918945
58643.436523 2171.810791
58665.815943 2174.702637
58688.138982 2177.594482
58710.416917 2180.486572
58732.642230 2183.378418
58754.803644 2186.270264
58776.923713 2189.162109
58798.987401 2192.053955
58813.668962 2194.946045
58835.646199 2197.837891
58857.570814 2200.729736
58879.442807 2203.621582
58901.265937 2206.513428
58923.032686 2209.405518
58944.743054 2212.297363
58966.415835 2215.189209
58988.020959 2218.081055
59002.398064 2220.972900
59023.924254 2223.864746
59045.394064 2226.756836
59066.818770 2229.648682
59088.187094 2232.540527
59109.499038 2235.432373
59130.758359 2238.324219
59151.972576 2241.216309
59173.134171 2244.108154
59194.235627 2247.000000
59208.281964 2249.891846
59229.304486 2252.783691
59250.270628 2255.675781
59271.184147 2258.567627
59292.045045 2261.459473
59312.857078 2264.351318
59333.620249 2267.243164
59354.319521 2270.135254
59374.977448 2273.027100
59388.711811 2275.918945
59409.287046 2278.810791
59429.794624 2281.702637
59450.257096 2284.594482
59470.666947 2287.486572
59491.020417 2290.378418
59511.328783 2293.270264
59531.580767 2296.162109
59551.783889 2299.053955
59565.225072 2301.946045
59585.334225 2304.837891
59605.398274 2307.729736
59625.413459 2310.621582
59645.364746 2313.513428
59665.267170 2316.405518
59685.116971 2319.297363
59704.921668 2322.189209
59724.673743 2325.081055
59737.802953 2327.972900
59757.468577 2330.864746
59777.070303 2333.756836
59796.634442 2336.648682
59816.138441 2339.540527
59835.586060 2342.432373
59854.988573 2345.324219
59874.334707 2348.216309
59893.631976 2351.108154
59912.880382 2354.000000
59925.675066 2356.891846
59944.829504 2359.783691
59963.938838 2362.675781
59982.984274 2365.567627
60001.984604 2368.459473
60020.928554 2371.351318
60039.823641 2374.243164
60058.669864 2377.135254
60077.459707 2380.027100
60089.953693 2382.918945
60108.660843 2385.810791
60127.315372 2388.702637
60145.913519 2391.594482
60164.455286 2394.486572
60182.955707 2397.378418
60201.395989 2400.270264
60219.783648 2403.162109
60238.126203 2406.053955
60250.319491 2408.946045
60268.564319 2411.837891
60286.764043 2414.729736
60304.907385 2417.621582
60323.009382 2420.513428
60341.043721 2423.405518
60359.032956 2426.297363
60376.973328 2429.189209
60394.857319 2432.081055
60406.749910 2434.972900
60424.551209 2437.864746
60442.296127 2440.756836
60459.988423 2443.648682
60477.628097 2446.540527
60495.215149 2449.432373
60512.753338 2452.324219
60530.242663 2455.216309
60547.668090 2458.108154
60565.044654 2461.000000
60576.602718 2463.891846
60593.900349 2466.783691
60611.137840 2469.675781
60628.333985 2472.567627
60645.466232 2475.459473
60662.557133 2478.351318
60679.576618 2481.243164
60696.558516 2484.135254
60713.487792 2487.027100
60724.737641 2489.918945
60741.584225 2492.810791
60758.374429 2495.702637
60775.104492 2498.594482
60791.785693 2501.486572
60808.418030 2504.378418
60824.997745 2507.270264
60841.524838 2510.162109
60858.003067 2513.053955
60868.955978 2515.946045
60885.340239 2518.837891
60901.679396 2521.729736
60917.954655 2524.621582
60934.188567 2527.513428
60950.362341 2530.405518
60966.494768 2533.297363
60982.570814 2536.189209
60998.579204 2539.081055
61009.246452 2541.972900
61025.172149 2544.864746
61041.060260 2547.756836
61056.884472 2550.648682
61072.659821 2553.540527
61088.390065 2556.432373
61104.056411 2559.324219
61119.681411 2562.216309
61135.250030 2565.108154
61150.766027 2568.000000
61161.083714 2570.891846
61176.509502 2573.783691
61191.890185 2576.675781
61207.210729 2579.567627
61222.486168 2582.459473
61237.705226 2585.351318
61252.867904 2588.243164
61267.992994 2591.135254
61283.050427 2594.027100
61293.063658 2596.918945
61308.045917 2599.810791
61322.968036 2602.702637
61337.837533 2605.594482
61352.658167 2608.486572
61367.426179 2611.378418
61382.145327 2614.270264
61396.808095 2617.162109
61411.410723 2620.053955
61421.130773 2622.946045
61435.654468 2625.837891
61450.118024 2628.729736
61464.543992 2631.621582
61478.909821 2634.513428
61493.219269 2637.405518
61507.491129 2640.297363
61521.691574 2643.189209
61535.854432 2646.081055
61545.262509 2648.972900
61559.335158 2651.864746
61573.358943 2654.756836
61587.318830 2657.648682
61601.237371 2660.540527
61615.095772 2663.432373
61628.905310 2666.324219
61642.665985 2669.216309
61656.374038 2672.108154
61670.021951 2675.000000
61679.095502 2677.891846
61692.660723 2680.783691
61706.177081 2683.675781
61719.629541 2686.567627
61733.044413 2689.459473
61746.399146 2692.351318
61759.708774 2695.243164
61772.958263 2698.135254
61786.166406 2701.027100
61794.935500 2703.918945
61808.042158 2706.810791
61821.103711 2709.702637
61834.112641 2712.594482
61847.076467 2715.486572
61859.976395 2718.378418
61872.827460 2721.270264
61885.625902 2724.162109
61898.371722 2727.053955
61906.840119 2729.946045
61919.499489 2732.837891
61932.109995 2735.729736
61944.667879 2738.621582
61957.169383 2741.513428
61969.625782 2744.405518
61982.018282 2747.297363
61994.369437 2750.189209
62006.660452 2753.081055
62014.831910 2755.972900
62027.040233 2758.864746
62039.192176 2761.756836
62051.302772 2764.648682
62063.341953 2767.540527
62075.339788 2770.432373
62087.292519 2773.324219
62099.185109 2776.216309
62111.032596 2779.108154
62122.819942 2782.000000
62130.645598 2784.891846
62142.357770 2787.783691
62153.998527 2790.675781
62165.601696 2793.567627
62177.144726 2796.459473
62188.642651 2799.351318
62200.084195 2802.243164
62211.473118 2805.135254
62222.805659 2808.027100
62230.341893 2810.918945
62241.580467 2813.810791
62252.781453 2816.702637
62263.929817 2819.594482
62275.021801 2822.486572
62286.064921 2825.378418
62297.051660 2828.270264
62307.982018 2831.162109
62318.871031 2834.053955
62326.099050 2836.946045
62336.894094 2839.837891
62347.644034 2842.729736
62358.337593 2845.621582
62368.978530 2848.513428
62379.563086 2851.405518
62390.098779 2854.297363
62400.581850 2857.189209
62411.012299 2860.081055
62417.935861 2862.972900
62428.283618 2865.864746
62438.574994 2868.756836
62448.809989 2871.648682
62458.999880 2874.540527
62469.137148 2877.432373
62479.221795 2880.324219
62489.253819 2883.216309
62499.229462 2886.108154
62509.156242 2889.000000
