-42    108    42.4900016785
-42    108.5  44.8820037842
-42    109    47.4630012512
-42    109.5  50.6370010376
-42    110    54.1790008545
-42    110.5  57.188999176
-42    111    55.8179969788
-42    111.5  56.5870018005
-42    112    56.2900009155
-42    112.5  53.7039985657
-42    113    48.03099823
-42    113.5  45.8909988403
-42    114    45.3650016785
-42    114.5  45.2369995117
-42    115    47.7929992676
-42    115.5  49.4140014648
-42    116    46.6300010681
-42    116.5  43.2910041809
-42    117    43.4550018311
-42    117.5  43.3829994202
-42    118    43.3100013733
-42    118.5  45.6949996948
-42    119    53.1759986877
-42    119.5  58.5849990845
-42    120    61.2599983215
-42    120.5  61.0769996643
-42    121    59.4150009155
-42    121.5  51.5620040894
-42    122    51.063999176
-42    122.5  50.6709976196
-42    123    50.3630027771
-42    123.5  43.2899971008
-42    124    45.171005249
-42    124.5  47.0509986877
-42    125    49.6249961853
-42    125.5  54.0480041504
-42    126    58.9809951782
-42    126.5  62.0690040588
-42    127    68.0540008545
-42    127.5  74.0390014648
-42    128    75.59400177
-42    128.5  72.611000061
-42    129    71.8430023193
-42    129.5  75.40599823
-42    130    79.5599975586
-42    130.5  80.4509963989
-42    131    80.5559997559
-42    131.5  80.3050003052
-42    132    76.513999939
-42    132.5  72.6340026855
-42    133    68.7389984131
-41.5  108    51.9109992981
-41.5  108.5  54.1290016174
-41.5  109    56.1510009766
-41.5  109.5  57.9140052795
-41.5  110    60.0659980774
-41.5  110.5  62.8149986267
-41.5  111    58.1819992065
-41.5  111.5  53.016998291
-41.5  112    50.7620010376
-41.5  112.5  49.7820014954
-41.5  113    49.4840011597
-41.5  113.5  50.5810012817
-41.5  114    50.7680015564
-41.5  114.5  52.4679985046
-41.5  115    57.9980010986
-41.5  115.5  62.0379981995
-41.5  116    58.2879981995
-41.5  116.5  52.4580001831
-41.5  117    46.5799980164
-41.5  117.5  47.2579994202
-41.5  118    47.9939994812
-41.5  118.5  47.3479995728
-41.5  119    48.5530014038
-41.5  119.5  53.965007782
-41.5  120    58.7179946899
-41.5  120.5  63.4720039368
-41.5  121    60.1439933777
-41.5  121.5  51.8359985352
-41.5  122    43.7330093384
-41.5  122.5  43.5799980164
-41.5  123    45.6459999084
-41.5  123.5  47.8819961548
-41.5  124    50.6629981995
-41.5  124.5  52.9770011902
-41.5  125    57.4819946289
-41.5  125.5  63.449005127
-41.5  126    68.3820037842
-41.5  126.5  66.358001709
-41.5  127    64.7450027466
-41.5  127.5  69.8300018311
-41.5  128    72.9359970093
-41.5  128.5  73.5380020142
-41.5  129    77.1630020142
-41.5  129.5  80.6920013428
-41.5  130    83.3369979858
-41.5  130.5  82.641998291
-41.5  131    82.1370010376
-41.5  131.5  79.6360015869
-41.5  132    75.5499954224
-41.5  132.5  71.4639968872
-41.5  133    68.1279983521
-41    108    56.9129981995
-41    108.5  60.8870010376
-41    109    64.1129989624
-41    109.5  65.8649978638
-41    110    67.3379974365
-41    110.5  68.8160018921
-41    111    63.1730003357
-41    111.5  57.8470001221
-41    112    54.4609947205
-41    112.5  53.3940010071
-41    113    52.9679985046
-41    113.5  54.3320007324
-41    114    55.6949996948
-41    114.5  57.4420013428
-41    115    60.4510002136
-41    115.5  63.4589996338
-41    116    63.6110076904
-41    116.5  57.8240013123
-41    117    53.0460090637
-41    117.5  53.6229934692
-41    118    54.2529983521
-41    118.5  53.2179908752
-41    119    51.65599823
-41    119.5  52.1900024414
-41    120    53.7439956665
-41    120.5  58.3899993896
-41    121    60.423992157
-41    121.5  56.2229995728
-41    122    48.6870040894
-41    122.5  49.7239952087
-41    123    51.0540046692
-41    123.5  53.5369911194
-41    124    56.6100006104
-41    124.5  59.468006134
-41    125    65.1819992065
-41    125.5  71.71900177
-41    126    76.3880004883
-41    126.5  73.5759963989
-41    127    71.0780029297
-41    127.5  71.3339996338
-41    128    75.1800003052
-41    128.5  79.2939987183
-41    129    80.2119979858
-41    129.5  83.0070037842
-41    130    83.4810028076
-41    130.5  81.0680007935
-41    131    80.6460037231
-41    131.5  76.6640014648
-41    132    72.6829910278
-41    132.5  68.9489974976
-41    133    65.7760009766
-40.5  108    61.2270011902
-40.5  108.5  65.3170013428
-40.5  109    69.5039978027
-40.5  109.5  73.1279983521
-40.5  110    75.3259963989
-40.5  110.5  76.6569976807
-40.5  111    69.5889968872
-40.5  111.5  63.6640014648
-40.5  112    59.3779983521
-40.5  112.5  59.0499992371
-40.5  113    59.2719993591
-40.5  113.5  60.2709999084
-40.5  114    62.453994751
-40.5  114.5  61.5370025635
-40.5  115    57.4759941101
-40.5  115.5  58.7239990234
-40.5  116    58.3720016479
-40.5  116.5  58.0379981995
-40.5  117    58.9090042114
-40.5  117.5  58.876991272
-40.5  118    58.8460006714
-40.5  118.5  60.9679985046
-40.5  119    60.4739952087
-40.5  119.5  58.077003479
-40.5  120    53.3319969177
-40.5  120.5  53.0340003967
-40.5  121    54.1809997559
-40.5  121.5  54.4809951782
-40.5  122    55.78099823
-40.5  122.5  57.112991333
-40.5  123    58.5359992981
-40.5  123.5  61.2939987183
-40.5  124    64.9189987183
-40.5  124.5  68.841003418
-40.5  125    76.0240020752
-40.5  125.5  82.8180007935
-40.5  126    84.4189987183
-40.5  126.5  80.9540023804
-40.5  127    77.7880020142
-40.5  127.5  79.7580032349
-40.5  128    81.7289962769
-40.5  128.5  84.1009979248
-40.5  129    85.0189971924
-40.5  129.5  85.6200027466
-40.5  130    83.2799987793
-40.5  130.5  80.43699646
-40.5  131    77.7210083008
-40.5  131.5  74.0889968872
-40.5  132    70.1910018921
-40.5  132.5  66.8420028687
-40.5  133    63.71900177
-40    108    63.8759994507
-40    108.5  69.5380020142
-40    109    74.6460037231
-40    109.5  78.2490005493
-40    110    81.3310012817
-40    110.5  85.5729980469
-40    111    78.1490020752
-40    111.5  71.591003418
-40    112    68.8960037231
-40    112.5  69.016998291
-40    113    69.2620010376
-40    113.5  69.7220001221
-40    114    70.1819992065
-40    114.5  67.9729995728
-40    115    63.7620048523
-40    115.5  59.9329948425
-40    116    59.8629951477
-40    116.5  61.389995575
-40    117    62.1360054016
-40    117.5  62.3500022888
-40    118    62.5859985352
-40    118.5  64.8809967041
-40    119    68.9530029297
-40    119.5  65.983001709
-40    120    61.0370025635
-40    120.5  56.091999054
-40    121    60.6139945984
-40    121.5  63.7949943542
-40    122    65.8460006714
-40    122.5  66.5370025635
-40    123    67.8300018311
-40    123.5  71.0729980469
-40    124    74.5230026245
-40    124.5  79.3020019531
-40    125    86.4670028687
-40    125.5  93.0999984741
-40    126    91.7750015259
-40    126.5  87.8970031738
-40    127    84.5360031128
-40    127.5  84.4189987183
-40    128    85.7320022583
-40    128.5  84.5149993896
-40    129    83.2689971924
-40    129.5  82.8899993896
-40    130    79.6350097656
-40    130.5  76.6289978027
-40    131    74.06199646
-40    131.5  71.6409988403
-40    132    68.237991333
-40    132.5  65.0530090332
-40    133    61.888004303
-39.5  108    66.3040008545
-39.5  108.5  73.0130004883
-39.5  109    80.3659973145
-39.5  109.5  87.1839981079
-39.5  110    92.6200027466
-39.5  110.5  96.2539978027
-39.5  111    88.8219985962
-39.5  111.5  81.8840026855
-39.5  112    79.0950012207
-39.5  112.5  79.3560028076
-39.5  113    79.2580032349
-39.5  113.5  78.3529968262
-39.5  114    78.2770004272
-39.5  114.5  74.6500015259
-39.5  115    69.6149978638
-39.5  115.5  66.2570037842
-39.5  116    65.861000061
-39.5  116.5  65.4629974365
-39.5  117    65.9039993286
-39.5  117.5  66.6940002441
-39.5  118    82.7730026245
-39.5  118.5  133.651992798
-39.5  119    150.962997437
-39.5  119.5  119.760009766
-39.5  120    70.3799972534
-39.5  120.5  65.0609970093
-39.5  121    69.6210021973
-39.5  121.5  71.2600021362
-39.5  122    77.6059951782
-39.5  122.5  80.611000061
-39.5  123    82.9359970093
-39.5  123.5  83.9850006104
-39.5  124    88.2519989014
-39.5  124.5  90.2409973145
-39.5  125    92.9169998169
-39.5  125.5  99.06300354
-39.5  126    95.9759979248
-39.5  126.5  92.6690063477
-39.5  127    90.0189971924
-39.5  127.5  88.5889968872
-39.5  128    88.1399993896
-39.5  128.5  85.4759979248
-39.5  129    82.6949996948
-39.5  129.5  79.4029998779
-39.5  130    76.0350036621
-39.5  130.5  72.6660003662
-39.5  131    69.111000061
-39.5  131.5  66.4089889526
-39.5  132    65.4889984131
-39.5  132.5  63.6110038757
-39.5  133    60.466999054
-39    108    72.1719970703
-39    108.5  80.9899978638
-39    109    89.2710037231
-39    109.5  96.0729980469
-39    110    102.333000183
-39    110.5  107.542007446
-39    111    100.720001221
-39    111.5  93.5849990845
-39    112    90.986000061
-39    112.5  90.7770004272
-39    113    90.5029983521
-39    113.5  88.3030014038
-39    114    86.6380004883
-39    114.5  81.7239990234
-39    115    76.09400177
-39    115.5  72.3059997559
-39    116    71.9199981689
-39    116.5  71.4479980469
-39    117    71.9430007935
-39    117.5  72.5960006714
-39    118    98.422996521
-39    118.5  161.223007202
-39    119    223.061004639
-39    119.5  173.270004272
-39    120    110.29699707
-39    120.5  88.9169998169
-39    121    114.550003052
-39    121.5  127.263999939
-39    122    114.660003662
-39    122.5  105.277000427
-39    123    106.42099762
-39    123.5  104.338996887
-39    124    104.700996399
-39    124.5  104.518997192
-39    125    106.518997192
-39    125.5  110.93800354
-39    126    101.630996704
-39    126.5  99.31199646
-39    127    88.6529922485
-39    127.5  85.8799972534
-39    128    82.9430007935
-39    128.5  79.5
-39    129    75.9309997559
-39    129.5  73.8019943237
-39    130    71.611000061
-39    130.5  67.8820037842
-39    131    63.4679946899
-39    131.5  59.3700027466
-39    132    60.1169891357
-39    132.5  60.8640060425
-39    133    86.5979995728
-38.5  108    78.4209976196
-38.5  108.5  87.5469970703
-38.5  109    96.8099975586
-38.5  109.5  106.002006531
-38.5  110    113.901000977
-38.5  110.5  118.809997559
-38.5  111    112.537002563
-38.5  111.5  105.842002869
-38.5  112    103.902008057
-38.5  112.5  102.56199646
-38.5  113    100.254997253
-38.5  113.5  96.888999939
-38.5  114    93.7699966431
-38.5  114.5  87.4270019531
-38.5  115    81.1650009155
-38.5  115.5  78.0159988403
-38.5  116    77.7239990234
-38.5  116.5  78.108001709
-38.5  117    78.1969833374
-38.5  117.5  78.9400024414
-38.5  118    103.575996399
-38.5  118.5  156.979003906
-38.5  119    207.218994141
-38.5  119.5  160.156997681
-38.5  120    106.736000061
-38.5  120.5  105.259002686
-38.5  121    146.886001587
-38.5  121.5  180.472000122
-38.5  122    159.320999146
-38.5  122.5  136.764007568
-38.5  123    122.95400238
-38.5  123.5  118.529998779
-38.5  124    117.402999878
-38.5  124.5  147.927001953
-38.5  125    154.930999756
-38.5  125.5  141.257003784
-38.5  126    114.237998962
-38.5  126.5  108.176002502
-38.5  127    94.3280029297
-38.5  127.5  85.0199966431
-38.5  128    76.0130081177
-38.5  128.5  72.4990005493
-38.5  129    69.7890014648
-38.5  129.5  68.3169937134
-38.5  130    66.910987854
-38.5  130.5  63.8209991455
-38.5  131    59.5749969482
-38.5  131.5  56.4199905396
-38.5  132    57.0430107117
-38.5  132.5  58.0749855042
-38.5  133    108.981987
-38    108    85.2419967651
-38    108.5  95.0999984741
-38    109    104.741996765
-38    109.5  113.932006836
-38    110    123.114990234
-38    110.5  128.382995605
-38    111    123.562995911
-38    111.5  117.246002197
-38    112    113.559997559
-38    112.5  111.252998352
-38    113    108.778999329
-38    113.5  104.753997803
-38    114    100.914001465
-38    114.5  94.1520004272
-38    115    87.3590011597
-38    115.5  114.555000305
-38    116    133.475006104
-38    116.5  140.082992554
-38    117    102.836997986
-38    117.5  85.59400177
-38    118    116.759002686
-38    118.5  160.291000366
-38    119    181.274002075
-38    119.5  155.192993164
-38    120    124.385002136
-38    120.5  104.886001587
-38    121    141.692001343
-38    121.5  167.018997192
-38    122    165.772003174
-38    122.5  146.324996948
-38    123    135.697998047
-38    123.5  127.667999268
-38    124    134.158004761
-38    124.5  164.682006836
-38    125    196.18699646
-38    125.5  181.453994751
-38    126    154.639007568
-38    126.5  119.997001648
-38    127    93.6460037231
-38    127.5  78.3759994507
-38    128    72.9339904785
-38    128.5  69.8320007324
-38    129    67.3819961548
-38    129.5  65.5140075684
-38    130    64.0289916992
-38    130.5  60.2919883728
-38    131    56.4930000305
-38    131.5  54.9640083313
-38    132    55.3340072632
-38    132.5  65.5930023193
-38    133    130.619003296
-37.5  108    92.1149978638
-37.5  108.5  101.81300354
-37.5  109    111.459999084
-37.5  109.5  120.053001404
-37.5  110    128.29800415
-37.5  110.5  134.205001831
-37.5  111    131.529998779
-37.5  111.5  127.336997986
-37.5  112    124.658996582
-37.5  112.5  120.04599762
-37.5  113    130.115997314
-37.5  113.5  137.973007202
-37.5  114    139.902999878
-37.5  114.5  110.277000427
-37.5  115    93.7679977417
-37.5  115.5  126.76700592
-37.5  116    179.069000244
-37.5  116.5  202.781005859
-37.5  117    164.544006348
-37.5  117.5  126.36000061
-37.5  118    127.836006165
-37.5  118.5  170.725006104
-37.5  119    199.729003906
-37.5  119.5  208.986999512
-37.5  120    184.04800415
-37.5  120.5  166.660995483
-37.5  121    149.274002075
-37.5  121.5  148.348007202
-37.5  122    152.01499939
-37.5  122.5  155.970993042
-37.5  123    163.531997681
-37.5  123.5  160.352996826
-37.5  124    168.279006958
-37.5  124.5  191.871002197
-37.5  125    219.731002808
-37.5  125.5  212.179000854
-37.5  126    196.01600647
-37.5  126.5  155.294998169
-37.5  127    106.366004944
-37.5  127.5  74.862991333
-37.5  128    71.1549835205
-37.5  128.5  67.4390029907
-37.5  129    65.3980026245
-37.5  129.5  63.7870025635
-37.5  130    62.0379829407
-37.5  130.5  58.9710044861
-37.5  131    55.7200012207
-37.5  131.5  55.7520065308
-37.5  132    56.4240074158
-37.5  132.5  90.6649932861
-37.5  133    156.473007202
-37    108    98.1819992065
-37    108.5  107.867996216
-37    109    117.541000366
-37    109.5  126.107002258
-37    110    133.98500061
-37    110.5  138.169006348
-37    111    135.854003906
-37    111.5  132.944000244
-37    112    128.694000244
-37    112.5  124.164001465
-37    113    136.35899353
-37    113.5  164.524993896
-37    114    181.604003906
-37    114.5  154.494995117
-37    115    127.92099762
-37    115.5  139.128997803
-37    116    191.481994629
-37    116.5  222.080001831
-37    117    219.591995239
-37    117.5  185.216995239
-37    118    189.701004028
-37    118.5  194.186004639
-37    119    204.113998413
-37    119.5  206.591003418
-37    120    209.770004272
-37    120.5  195.498001099
-37    121    168.464996338
-37    121.5  161.74899292
-37    122    164.100997925
-37    122.5  172.026992798
-37    123    190.692993164
-37    123.5  203.99899292
-37    124    216.49899292
-37    124.5  232.290008545
-37    125    233.720001221
-37    125.5  226.796005249
-37    126    217.802001953
-37    126.5  204.041000366
-37    127    158.177993774
-37    127.5  107.602989197
-37    128    69.1859970093
-37    128.5  65.6249923706
-37    129    64.9140167236
-37    129.5  63.6860084534
-37    130    61.8079910278
-37    130.5  59.8020095825
-37    131    57.7579956055
-37    131.5  57.9779968262
-37    132    58.2910003662
-37    132.5  116.07900238
-37    133    182.085006714
-36.5  108    104.193000793
-36.5  108.5  113.538002014
-36.5  109    122.81300354
-36.5  109.5  129.598999023
-36.5  110    135.942001343
-36.5  110.5  140.350006104
-36.5  111    138.742996216
-36.5  111.5  136.901000977
-36.5  112    133.367996216
-36.5  112.5  134.277999878
-36.5  113    142.45199585
-36.5  113.5  169.539001465
-36.5  114    192.925994873
-36.5  114.5  200.925003052
-36.5  115    183.794006348
-36.5  115.5  197.800994873
-36.5  116    218.089996338
-36.5  116.5  228.397994995
-36.5  117    221.860992432
-36.5  117.5  215.419998169
-36.5  118    203.764007568
-36.5  118.5  192.692001343
-36.5  119    186.910995483
-36.5  119.5  185.087997437
-36.5  120    186.863998413
-36.5  120.5  183.731994629
-36.5  121    175.26600647
-36.5  121.5  177.222000122
-36.5  122    179.751998901
-36.5  122.5  190.970001221
-36.5  123    204.830001831
-36.5  123.5  222.134002686
-36.5  124    222.199996948
-36.5  124.5  230.529022217
-36.5  125    233.837005615
-36.5  125.5  233.889007568
-36.5  126    225.951980591
-36.5  126.5  222.621002197
-36.5  127    203.220016479
-36.5  127.5  163.966995239
-36.5  128    107.169998169
-36.5  128.5  73.9420013428
-36.5  129    82.0429992676
-36.5  129.5  90.1440124512
-36.5  130    62.1549911499
-36.5  130.5  60.2870025635
-36.5  131    98.7080001831
-36.5  131.5  118.947006226
-36.5  132    127.090003967
-36.5  132.5  140.481002808
-36.5  133    206.423995972
-36    108    112.939002991
-36    108.5  119.677001953
-36    109    127.29599762
-36    109.5  134.022994995
-36    110    139.194000244
-36    110.5  141.065002441
-36    111    147.57800293
-36    111.5  149.207000732
-36    112    156.975997925
-36    112.5  160.399002075
-36    113    169.367996216
-36    113.5  182.863006592
-36    114    195.942001343
-36    114.5  201.832000732
-36    115    207.848999023
-36    115.5  205.570007324
-36    116    209.335006714
-36    116.5  211.921005249
-36    117    212.925003052
-36    117.5  205.714004517
-36    118    193.544998169
-36    118.5  181.54699707
-36    119    176.621994019
-36    119.5  172.122009277
-36    120    173.669006348
-36    120.5  175.042999268
-36    121    177.785995483
-36    121.5  195.220001221
-36    122    200.705032349
-36    122.5  209.07800293
-36    123    219.839004517
-36    123.5  230.926010132
-36    124    230.992004395
-36    124.5  230.37399292
-36    125    229.929977417
-36    125.5  229.958999634
-36    126    227.908996582
-36    126.5  222.870986938
-36    127    217.906021118
-36    127.5  151.509002686
-36    128    85.1659851074
-36    128.5  105.163993835
-36    129    160.143997192
-36    129.5  148.507995605
-36    130    92.0099945068
-36    130.5  58.0120010376
-36    131    121.641998291
-36    131.5  185.272003174
-36    132    207.444015503
-36    132.5  215.927993774
-36    133    218.218002319
-35.5  108    121.817008972
-35.5  108.5  130.714996338
-35.5  109    139.867004395
-35.5  109.5  137.863998413
-35.5  110    137.809005737
-35.5  110.5  144.300994873
-35.5  111    155.580993652
-35.5  111.5  164.033004761
-35.5  112    170.628997803
-35.5  112.5  174.703994751
-35.5  113    180.376998901
-35.5  113.5  187.298995972
-35.5  114    192.861984253
-35.5  114.5  196.12600708
-35.5  115    201.369003296
-35.5  115.5  196.761001587
-35.5  116    193.309005737
-35.5  116.5  193.694000244
-35.5  117    197.675994873
-35.5  117.5  192.309020996
-35.5  118    175.850997925
-35.5  118.5  162.292999268
-35.5  119    162.641998291
-35.5  119.5  159.68800354
-35.5  120    163.363998413
-35.5  120.5  170.401992798
-35.5  121    179.238998413
-35.5  121.5  197.529006958
-35.5  122    216.809020996
-35.5  122.5  221.745986938
-35.5  123    228.600997925
-35.5  123.5  231.488998413
-35.5  124    230.345001221
-35.5  124.5  228.76499939
-35.5  125    226.837005615
-35.5  125.5  225.921005249
-35.5  126    222.619003296
-35.5  126.5  217.857009888
-35.5  127    195.965011597
-35.5  127.5  129.567977905
-35.5  128    63.2480049133
-35.5  128.5  107.483001709
-35.5  129    164.12600708
-35.5  129.5  172.690994263
-35.5  130    107.675994873
-35.5  130.5  60.5120010376
-35.5  131    85.3990097046
-35.5  131.5  140.792999268
-35.5  132    200.318008423
-35.5  132.5  215.944992065
-35.5  133    218.026000977
-35    108    129.145996094
-35    108.5  144.399993896
-35    109    157.595993042
-35    109.5  155.354995728
-35    110    146.462005615
-35    110.5  142.652999878
-35    111    162.195007324
-35    111.5  175.535995483
-35    112    171.880004883
-35    112.5  173.899002075
-35    113    179.661987305
-35    113.5  185.960006714
-35    114    190.968994141
-35    114.5  190.879013062
-35    115    190.824996948
-35    115.5  186.149002075
-35    116    180.440002441
-35    116.5  183.865005493
-35    117    188.972015381
-35    117.5  180.785995483
-35    118    159.682006836
-35    118.5  143.222000122
-35    119    147.634002686
-35    119.5  152.983001709
-35    120    153.055999756
-35    120.5  160.091995239
-35    121    180.287994385
-35    121.5  209.344985962
-35    122    225.973007202
-35    122.5  226.113998413
-35    123    227.817993164
-35    123.5  228.960998535
-35    124    228.089004517
-35    124.5  227.363998413
-35    125    225.493011475
-35    125.5  223.738998413
-35    126    218.945007324
-35    126.5  214.574981689
-35    127    175.51600647
-35    127.5  108.594993591
-35    128    58.4859962463
-35    128.5  60.2789993286
-35    129    104.644004822
-35    129.5  99.8939819336
-35    130    84.6520004272
-35    130.5  58.3089981079
-35    131    58.1889953613
-35    131.5  83.6599960327
-35    132    143.527999878
-35    132.5  203.429992676
-35    133    218.207000732
-34.5  108    134.451126099
-34.5  108.5  144.973999023
-34.5  109    153.23399353
-34.5  109.5  153.052001953
-34.5  110    143.136001587
-34.5  110.5  145.253005981
-34.5  111    168.852996826
-34.5  111.5  186.822006226
-34.5  112    179.26600647
-34.5  112.5  166.382003784
-34.5  113    164.117996216
-34.5  113.5  164.464996338
-34.5  114    168.764007568
-34.5  114.5  176.602996826
-34.5  115    176.173995972
-34.5  115.5  172.169998169
-34.5  116    168.059005737
-34.5  116.5  170.057998657
-34.5  117    172.289001465
-34.5  117.5  175.57800293
-34.5  118    159.444000244
-34.5  118.5  148.776992798
-34.5  119    155.093002319
-34.5  119.5  160.348007202
-34.5  120    155.057998657
-34.5  120.5  154.319000244
-34.5  121    174.972000122
-34.5  121.5  210.12600708
-34.5  122    233.733978271
-34.5  122.5  232.416000366
-34.5  123    232.044006348
-34.5  123.5  229.154006958
-34.5  124    228.880996704
-34.5  124.5  227.364013672
-34.5  125    225.00100708
-34.5  125.5  222.517990112
-34.5  126    217.292007446
-34.5  126.5  212.371994019
-34.5  127    155.977005005
-34.5  127.5  88.4219970703
-34.5  128    56.783996582
-34.5  128.5  58.2949943542
-34.5  129    59.0339927673
-34.5  129.5  57.0680007935
-34.5  130    55.1109848022
-34.5  130.5  55.5740013123
-34.5  131    55.3800086975
-34.5  131.5  57.702003479
-34.5  132    87.0859832764
-34.5  132.5  147.529006958
-34.5  133    209.466003418
-34    108    133.555999756
-34    108.5  132.748001099
-34    109    135.195007324
-34    109.5  134.819000244
-34    110    132.529006958
-34    110.5  143.582992554
-34    111    151.611999512
-34    111.5  164.294998169
-34    112    152.705001831
-34    112.5  140.027999878
-34    113    138.440994263
-34    113.5  138.559997559
-34    114    143.231994629
-34    114.5  159.111999512
-34    115    163.494995117
-34    115.5  152.212005615
-34    116    146.684005737
-34    116.5  144.477996826
-34    117    144.561004639
-34    117.5  148.044006348
-34    118    152.048995972
-34    118.5  154.990005493
-34    119    161.402999878
-34    119.5  167.059997559
-34    120    165.313995361
-34    120.5  161.326004028
-34    121    189.985992432
-34    121.5  225.384994507
-34    122    240.108001709
-34    122.5  237.723999023
-34    123    236.255996704
-34    123.5  233.300003052
-34    124    230.440994263
-34    124.5  227.999984741
-34    125    225.914001465
-34    125.5  193.018005371
-34    126    169.302993774
-34    126.5  153.529998779
-34    127    136.042007446
-34    127.5  68.439994812
-34    128    54.5740013123
-34    128.5  54.571018219
-34    129    54.2740020752
-34    129.5  52.2839851379
-34    130    50.9239845276
-34    130.5  51.707988739
-34    131    52.3319854736
-34    131.5  56.1280059814
-34    132    60.50598526
-34    132.5  105.259002686
-34    133    174.490982056
-33.5  108    129.980194092
-33.5  108.5  129.772003174
-33.5  109    128.975997925
-33.5  109.5  130.12399292
-33.5  110    131.233001709
-33.5  110.5  132.07800293
-33.5  111    132.927993774
-33.5  111.5  135.93699646
-33.5  112    128.259002686
-33.5  112.5  124.431991577
-33.5  113    123.974990845
-33.5  113.5  128.341995239
-33.5  114    141.656005859
-33.5  114.5  158.93800354
-33.5  115    160.64100647
-33.5  115.5  142.033996582
-33.5  116    125.23400116
-33.5  116.5  133.79800415
-33.5  117    142.011016846
-33.5  117.5  163.285003662
-33.5  118    181.111999512
-33.5  118.5  180.184005737
-33.5  119    168.070007324
-33.5  119.5  173.063995361
-33.5  120    174.57699585
-33.5  120.5  175.401000977
-33.5  121    208.833999634
-33.5  121.5  241.625
-33.5  122    248.942993164
-33.5  122.5  247.326004028
-33.5  123    244.360992432
-33.5  123.5  240.695983887
-33.5  124    238.100006104
-33.5  124.5  232.050003052
-33.5  125    228.194000244
-33.5  125.5  178.697998047
-33.5  126    110.06401062
-33.5  126.5  77.31300354
-33.5  127    62.1669769287
-33.5  127.5  62.1279945374
-33.5  128    54.3559989929
-33.5  128.5  54.0970001221
-33.5  129    52.3050079346
-33.5  129.5  51.0109863281
-33.5  130    51.0039863586
-33.5  130.5  52.3160247803
-33.5  131    54.4900016785
-33.5  131.5  59.1580085754
-33.5  132    63.6489906311
-33.5  132.5  132.044006348
-33.5  133    202.488998413
-33    108    126.868003845
-33    108.5  126.529998779
-33    109    125.864997864
-33    109.5  127.213012695
-33    110    129.072998047
-33    110.5  130.253005981
-33    111    131.098999023
-33    111.5  131.43800354
-33    112    130.880996704
-33    112.5  127.214981079
-33    113    124.731010437
-33    113.5  123.554000854
-33    114    133.912002563
-33    114.5  149.436004639
-33    115    161.06199646
-33    115.5  151.87600708
-33    116    142.89100647
-33    116.5  160.070007324
-33    117    169.535995483
-33    117.5  194.902999878
-33    118    218.921005249
-33    118.5  215.430999756
-33    119    195.225006104
-33    119.5  183.305999756
-33    120    185.757003784
-33    120.5  193.395996094
-33    121    224.145980835
-33    121.5  256.95300293
-33    122    259.572998047
-33    122.5  258.428985596
-33    123    255.335006714
-33    123.5  250.496002197
-33    124    245.143005371
-33    124.5  239.120986938
-33    125    233.089004517
-33    125.5  210.373001099
-33    126    154.005004883
-33    126.5  135.134994507
-33    127    140.647994995
-33    127.5  122.725982666
-33    128    62.0380134583
-33    128.5  57.406993866
-33    129    54.697013855
-33    129.5  52.408996582
-33    130    53.143989563
-33    130.5  54.2909927368
-33    131    57.4429931641
-33    131.5  67.0730056763
-33    132    99.3039932251
-33    132.5  157.339004517
-33    133    228.98500061
-32.5  108    123.231002808
-32.5  108.5  123.318008423
-32.5  109    123.424003601
-32.5  109.5  124.56199646
-32.5  110    126.338981628
-32.5  110.5  127.767997742
-32.5  111    128.776992798
-32.5  111.5  129.229995728
-32.5  112    128.945983887
-32.5  112.5  128.854003906
-32.5  113    136.634994507
-32.5  113.5  137.535995483
-32.5  114    131.617004395
-32.5  114.5  131.82800293
-32.5  115    142.761993408
-32.5  115.5  149.722000122
-32.5  116    159.179000854
-32.5  116.5  176.904006958
-32.5  117    194.527999878
-32.5  117.5  218.445007324
-32.5  118    241.647994995
-32.5  118.5  231.035003662
-32.5  119    211.238006592
-32.5  119.5  201.901000977
-32.5  120    201.322998047
-32.5  120.5  211.367996216
-32.5  121    242.212005615
-32.5  121.5  273.191009521
-32.5  122    269.878997803
-32.5  122.5  269.62298584
-32.5  123    268.095001221
-32.5  123.5  263.82901001
-32.5  124    256.307006836
-32.5  124.5  246.277999878
-32.5  125    240.839981079
-32.5  125.5  237.723007202
-32.5  126    216.169998169
-32.5  126.5  221.065002441
-32.5  127    223.63999939
-32.5  127.5  189.472000122
-32.5  128    128.897994995
-32.5  128.5  69.3480072021
-32.5  129    61.9109992981
-32.5  129.5  69.6239852905
-32.5  130    122.782989502
-32.5  130.5  133.574996948
-32.5  131    146.807006836
-32.5  131.5  160.367996216
-32.5  132    167.397994995
-32.5  132.5  181.70199585
-32.5  133    230.753005981
-32    108    121.89099884
-32    108.5  121.54699707
-32    109    121.502990723
-32    109.5  122.510002136
-32    110    123.654998779
-32    110.5  124.315994263
-32    111    126.571006775
-32    111.5  127.702003479
-32    112    128.580978394
-32    112.5  129.635009766
-32    113    141.73399353
-32    113.5  152.266998291
-32    114    146.940002441
-32    114.5  137.488998413
-32    115    144.610992432
-32    115.5  159.386993408
-32    116    175.710998535
-32    116.5  195.111999512
-32    117    213.75100708
-32    117.5  237.761001587
-32    118    261.692993164
-32    118.5  246.923995972
-32    119    228.621002197
-32    119.5  214.494995117
-32    120    211.76600647
-32    120.5  226.720993042
-32    121    261.472991943
-32    121.5  284.897003174
-32    122    281.901000977
-32    122.5  280.239990234
-32    123    278.441986084
-32    123.5  276.730987549
-32    124    268.834991455
-32    124.5  258.95098877
-32    125    253.162994385
-32    125.5  251.647994995
-32    126    248.988998413
-32    126.5  239.6900177
-32    127    234.473007202
-32    127.5  228.758010864
-32    128    196.416000366
-32    128.5  137.613006592
-32    129    79.7009963989
-32    129.5  102.333999634
-32    130    173.059005737
-32    130.5  226.453994751
-32    131    237.527999878
-32    131.5  243.317001343
-32    132    237.882995605
-32    132.5  232.878997803
-32    133    235.753997803
-31.5  108    120.478988647
-31.5  108.5  119.64099884
-31.5  109    118.805000305
-31.5  109.5  118.535987854
-31.5  110    119.102996826
-31.5  110.5  121.112007141
-31.5  111    124.024002075
-31.5  111.5  125.793006897
-31.5  112    126.678993225
-31.5  112.5  129.904006958
-31.5  113    144.847000122
-31.5  113.5  157.972000122
-31.5  114    153.966003418
-31.5  114.5  146.568984985
-31.5  115    155.839996338
-31.5  115.5  173.276992798
-31.5  116    191.606002808
-31.5  116.5  207.789993286
-31.5  117    224.636001587
-31.5  117.5  242.697998047
-31.5  118    262.213012695
-31.5  118.5  261.946990967
-31.5  119    249.741012573
-31.5  119.5  234.947998047
-31.5  120    224.731002808
-31.5  120.5  239.378005981
-31.5  121    275.157012939
-31.5  121.5  295.596008301
-31.5  122    290.609008789
-31.5  122.5  286.178985596
-31.5  123    283.882995605
-31.5  123.5  281.117004395
-31.5  124    279.50201416
-31.5  124.5  273.447998047
-31.5  125    269.855010986
-31.5  125.5  269.157012939
-31.5  126    264.696990967
-31.5  126.5  254.869995117
-31.5  127    244.595001221
-31.5  127.5  238.699005127
-31.5  128    232.507995605
-31.5  128.5  207.18699646
-31.5  129    149.602020264
-31.5  129.5  143.257003784
-31.5  130    207.526000977
-31.5  130.5  247.261001587
-31.5  131    253.621994019
-31.5  131.5  255.128982544
-31.5  132    243.85899353
-31.5  132.5  237.740005493
-31.5  133    244.708999634
-31    108    117.392990112
-31    108.5  116.532997131
-31    109    115.68901825
-31    109.5  115.42098999
-31    110    115.464988708
-31    110.5  116.839004517
-31    111    119.89200592
-31    111.5  122.572006226
-31    112    124.547981262
-31    112.5  128.516998291
-31    113    145.641998291
-31    113.5  162.434005737
-31    114    158.106994629
-31    114.5  153.817001343
-31    115    165.460006714
-31    115.5  182.335998535
-31    116    198.154998779
-31    116.5  213.330993652
-31    117    230.037002563
-31    117.5  245.837997437
-31    118    259.606994629
-31    118.5  259.503997803
-31    119    259.407012939
-31    119.5  258.915985107
-31    120    245.682006836
-31    120.5  256.433990479
-31    121    284.832000732
-31    121.5  298.971008301
-31    122    293.832000732
-31    122.5  289.791992188
-31    123    287.665008545
-31    123.5  284.524993896
-31    124    284.183990479
-31    124.5  282.704986572
-31    125    273.003997803
-31    125.5  268.358001709
-31    126    266.109008789
-31    126.5  258.494995117
-31    127    250.156997681
-31    127.5  246.119995117
-31    128    241.901992798
-31    128.5  244.785003662
-31    129    221.04800415
-31    129.5  234.781997681
-31    130    256.234985352
-31    130.5  262.471008301
-31    131    268.019012451
-31    131.5  265.07901001
-31    132    253.481994629
-31    132.5  250.190002441
-31    133    257.966003418
-30.5  108    114.355010986
-30.5  108.5  113.911003113
-30.5  109    113.433006287
-30.5  109.5  113.278999329
-30.5  110    113.382995605
-30.5  110.5  114.56199646
-30.5  111    116.364990234
-30.5  111.5  118.585006714
-30.5  112    121.188995361
-30.5  112.5  125.729988098
-30.5  113    139.287994385
-30.5  113.5  154.326004028
-30.5  114    161.858001709
-30.5  114.5  161.902999878
-30.5  115    175.110992432
-30.5  115.5  192.481994629
-30.5  116    204.522994995
-30.5  116.5  216.080993652
-30.5  117    227.082000732
-30.5  117.5  239.033004761
-30.5  118    250.13999939
-30.5  118.5  256.976013184
-30.5  119    258.134002686
-30.5  119.5  265.537994385
-30.5  120    267.973999023
-30.5  120.5  286.57901001
-30.5  121    300.220001221
-30.5  121.5  301.244995117
-30.5  122    295.542999268
-30.5  122.5  284.859008789
-30.5  123    275.152008057
-30.5  123.5  275.069000244
-30.5  124    287.485992432
-30.5  124.5  286.513000488
-30.5  125    271.833007812
-30.5  125.5  260.829986572
-30.5  126    257.989013672
-30.5  126.5  257.794006348
-30.5  127    255.481002808
-30.5  127.5  251.652999878
-30.5  128    250.800994873
-30.5  128.5  253.393005371
-30.5  129    255.927993774
-30.5  129.5  259.464996338
-30.5  130    263.338989258
-30.5  130.5  267.29598999
-30.5  131    271.661010742
-30.5  131.5  270.217010498
-30.5  132    260.95098877
-30.5  132.5  268.433013916
-30.5  133    276.024993896
-30    108    112.074996948
-30    108.5  111.954994202
-30    109    111.626014709
-30    109.5  111.568992615
-30    110    111.027992249
-30    110.5  112.059005737
-30    111    113.592002869
-30    111.5  116.083999634
-30    112    119.541999817
-30    112.5  124.433990479
-30    113    134.958999634
-30    113.5  145.441986084
-30    114    155.929992676
-30    114.5  166.567001343
-30    115    174.917999268
-30    115.5  187.843994141
-30    116    198.623001099
-30    116.5  209.059005737
-30    117    219.932998657
-30    117.5  230.223007202
-30    118    239.343002319
-30    118.5  252.521987915
-30    119    261.104003906
-30    119.5  262.664001465
-30    120    269.45098877
-30    120.5  287.459014893
-30    121    302.311004639
-30    121.5  300.765991211
-30    122    295.458007812
-30    122.5  283.497009277
-30    123    267.49899292
-30    123.5  265.419006348
-30    124    279.941986084
-30    124.5  290.884002686
-30    125    276.824005127
-30    125.5  267.329986572
-30    126    267.640014648
-30    126.5  267.944000244
-30    127    261.888000488
-30    127.5  258.403991699
-30    128    259.260986328
-30    128.5  260.884002686
-30    129    263.403015137
-30    129.5  265.868988037
-30    130    269.476013184
-30    130.5  272.970001221
-30    131    273.635986328
-30    131.5  272.772003174
-30    132    270.180999756
-30    132.5  275.513000488
-30    133    279.061004639
-29.5  108    110.710006714
-29.5  108.5  109.010002136
-29.5  109    108.369003296
-29.5  109.5  107.532997131
-29.5  110    106.731994629
-29.5  110.5  107.997001648
-29.5  111    110.289009094
-29.5  111.5  113.076011658
-29.5  112    117.692993164
-29.5  112.5  124.531990051
-29.5  113    135.81199646
-29.5  113.5  147.246002197
-29.5  114    159.73399353
-29.5  114.5  170.89100647
-29.5  115    177.615005493
-29.5  115.5  184.300994873
-29.5  116    197.341003418
-29.5  116.5  211.606002808
-29.5  117    223.261993408
-29.5  117.5  236.742996216
-29.5  118    251.610992432
-29.5  118.5  267.270996094
-29.5  119    273.632995605
-29.5  119.5  267.399993896
-29.5  120    267.015991211
-29.5  120.5  286.757995605
-29.5  121    299.489990234
-29.5  121.5  299.963012695
-29.5  122    295.192993164
-29.5  122.5  290.644989014
-29.5  123    276.442993164
-29.5  123.5  271.929992676
-29.5  124    281.778015137
-29.5  124.5  285.345001221
-29.5  125    283.471008301
-29.5  125.5  281.148010254
-29.5  126    280.290008545
-29.5  126.5  274.764007568
-29.5  127    267.369995117
-29.5  127.5  266.805999756
-29.5  128    267.561004639
-29.5  128.5  263.148010254
-29.5  129    262.337005615
-29.5  129.5  267.904998779
-29.5  130    276.74899292
-29.5  130.5  279.54598999
-29.5  131    280.220001221
-29.5  131.5  278.42300415
-29.5  132    270.769989014
-29.5  132.5  270.363006592
-29.5  133    271.514007568
-29    108    120.278991699
-29    108.5  110.871009827
-29    109    106.200996399
-29    109.5  103.383995056
-29    110    104.705001831
-29    110.5  104.613990784
-29    111    107.379997253
-29    111.5  112.347000122
-29    112    118.766998291
-29    112.5  125.901992798
-29    113    137.289001465
-29    113.5  148.906997681
-29    114    160.514007568
-29    114.5  172.218002319
-29    115    182.449996948
-29    115.5  189.42300415
-29    116    208.324996948
-29    116.5  225.837020874
-29    117    237.091995239
-29    117.5  247.277999878
-29    118    260.829986572
-29    118.5  276.540008545
-29    119    289.554992676
-29    119.5  284.631988525
-29    120    288.816009521
-29    120.5  305.925994873
-29    121    309.519012451
-29    121.5  298.74798584
-29    122    295.997009277
-29    122.5  294.484008789
-29    123    289.740997314
-29    123.5  281.105010986
-29    124    273.574005127
-29    124.5  274.571990967
-29    125    272.890014648
-29    125.5  267.399993896
-29    126    265.37298584
-29    126.5  272.811004639
-29    127    267.114990234
-29    127.5  272.735992432
-29    128    275.054992676
-29    128.5  265.835998535
-29    129    259.895996094
-29    129.5  269.786987305
-29    130    281.881988525
-29    130.5  284.380004883
-29    131    284.481994629
-29    131.5  281.890014648
-29    132    274.410003662
-29    132.5  271.756011963
-29    133    274.32598877
-28.5  108    128.958999634
-28.5  108.5  119.65700531
-28.5  109    109.663017273
-28.5  109.5  109.427993774
-28.5  110    111.348991394
-28.5  110.5  109.675987244
-28.5  111    108.64100647
-28.5  111.5  110.055000305
-28.5  112    117.393989563
-28.5  112.5  126.190002441
-28.5  113    137.087005615
-28.5  113.5  148.007003784
-28.5  114    159.005996704
-28.5  114.5  170.61000061
-28.5  115    182.444000244
-28.5  115.5  194.529998779
-28.5  116    215.402999878
-28.5  116.5  235.067993164
-28.5  117    251.29800415
-28.5  117.5  261.524993896
-28.5  118    269.196014404
-28.5  118.5  283.867004395
-28.5  119    297.212005615
-28.5  119.5  308.511993408
-28.5  120    315.601989746
-28.5  120.5  320.424987793
-28.5  121    310.445007324
-28.5  121.5  298.523986816
-28.5  122    290.916992188
-28.5  122.5  287.838989258
-28.5  123    278.861999512
-28.5  123.5  270.196014404
-28.5  124    261.915008545
-28.5  124.5  257.87399292
-28.5  125    252.837005615
-28.5  125.5  247.514007568
-28.5  126    253.022003174
-28.5  126.5  261.37701416
-28.5  127    269.694000244
-28.5  127.5  274.395996094
-28.5  128    280.967010498
-28.5  128.5  272.457000732
-28.5  129    264.406005859
-28.5  129.5  266.821014404
-28.5  130    277.20300293
-28.5  130.5  284.690002441
-28.5  131    284.709991455
-28.5  131.5  284.492004395
-28.5  132    280.20098877
-28.5  132.5  281.226013184
-28.5  133    278.902008057
-28    108    129.147018433
-28    108.5  123.867004395
-28    109    116.228004456
-28    109.5  117.032981873
-28    110    116.706001282
-28    110.5  112.128997803
-28    111    106.741004944
-28    111.5  109.047996521
-28    112    116.559005737
-28    112.5  125.510002136
-28    113    136.430999756
-28    113.5  146.919006348
-28    114    156.360992432
-28    114.5  173.729003906
-28    115    192.527999878
-28    115.5  208.195007324
-28    116    225.51499939
-28    116.5  245.192001343
-28    117    263.231994629
-28    117.5  274.717987061
-28    118    282.403991699
-28    118.5  291.42199707
-28    119    305.445007324
-28    119.5  308.041992188
-28    120    308.164001465
-28    120.5  309.746002197
-28    121    307.003997803
-28    121.5  295.839996338
-28    122    285.404998779
-28    122.5  277.290008545
-28    123    267.933990479
-28    123.5  263.502990723
-28    124    257.587005615
-28    124.5  254.177993774
-28    125    252.960998535
-28    125.5  248.617996216
-28    126    242.858001709
-28    126.5  252.104003906
-28    127    265.020996094
-28    127.5  272.303009033
-28    128    278.687011719
-28    128.5  281.055999756
-28    129    273.273986816
-28    129.5  265.739990234
-28    130    271.205993652
-28    130.5  278.70098877
-28    131    279.364013672
-28    131.5  277.471008301
-28    132    282.859008789
-28    132.5  282.718994141
-28    133    276.783996582
-27.5  108    131.414001465
-27.5  108.5  126.162002563
-27.5  109    122.389984131
-27.5  109.5  118.146003723
-27.5  110    116.692993164
-27.5  110.5  111.728012085
-27.5  111    105.635009766
-27.5  111.5  107.899993896
-27.5  112    115.974990845
-27.5  112.5  119.443008423
-27.5  113    128.011001587
-27.5  113.5  138.87399292
-27.5  114    149.272003174
-27.5  114.5  175.67199707
-27.5  115    206.343002319
-27.5  115.5  222.057998657
-27.5  116    239.43800354
-27.5  116.5  257.946990967
-27.5  117    277.692993164
-27.5  117.5  287.919006348
-27.5  118    295.67098999
-27.5  118.5  304.092987061
-27.5  119    306.99798584
-27.5  119.5  307.467987061
-27.5  120    299.794006348
-27.5  120.5  302.32699585
-27.5  121    299.325012207
-27.5  121.5  294.187988281
-27.5  122    283.934997559
-27.5  122.5  264.398010254
-27.5  123    255.195999146
-27.5  123.5  262.277008057
-27.5  124    261.403015137
-27.5  124.5  260.712005615
-27.5  125    259.281005859
-27.5  125.5  250.968002319
-27.5  126    241.20199585
-27.5  126.5  245.29901123
-27.5  127    258.696990967
-27.5  127.5  272.691009521
-27.5  128    279.519012451
-27.5  128.5  282.964996338
-27.5  129    277.82800293
-27.5  129.5  266.74798584
-27.5  130    257.532989502
-27.5  130.5  262.592010498
-27.5  131    263.087005615
-27.5  131.5  264.57699585
-27.5  132    274.834014893
-27.5  132.5  278.196014404
-27.5  133    268.17300415
-27    108    150.098007202
-27    108.5  137.735992432
-27    109    129.332977295
-27    109.5  123.646011353
-27    110    120.228988647
-27    110.5  116.617988586
-27    111    112.755996704
-27    111.5  109.261009216
-27    112    115.990997314
-27    112.5  115.23299408
-27    113    118.809005737
-27    113.5  131.195999146
-27    114    146.975982666
-27    114.5  173.744018555
-27    115    205.858001709
-27    115.5  238.404006958
-27    116    255.902999878
-27    116.5  274.716003418
-27    117    290.316986084
-27    117.5  299.856994629
-27    118    305.618011475
-27    118.5  310.529998779
-27    119    314.105010986
-27    119.5  308.778015137
-27    120    306.128997803
-27    120.5  308.812988281
-27    121    304.62399292
-27    121.5  293.445007324
-27    122    278.092987061
-27    122.5  258.010986328
-27    123    251.624984741
-27    123.5  259.62399292
-27    124    262.312011719
-27    124.5  259.975006104
-27    125    259.259002686
-27    125.5  256.303009033
-27    126    247.991989136
-27    126.5  243.162979126
-27    127    254.838989258
-27    127.5  269.790985107
-27    128    279.359985352
-27    128.5  281.634002686
-27    129    353.613006592
-27    129.5  266.864013672
-27    130    251.47996521
-27    130.5  250.072006226
-27    131    252.317993164
-27    131.5  254.781005859
-27    132    264.933013916
-27    132.5  279.019012451
-27    133    272.399993896
