#       time        depth temperature velocity_magnitude viscosity
           0         5000          nan          nan          nan
           0        15000      488.556       57.697  1.47108e+18
           0        25000          nan          nan          nan
           0        35000      824.232      50.2592  2.54894e+18
           0        45000          nan          nan          nan
           0        55000          nan          nan          nan
           0        65000         1112      44.1834  1.77127e+19
           0        75000          nan          nan          nan
           0        85000      1351.87      39.2071  1.04174e+19
           0        95000          nan          nan          nan
           0       105000          nan          nan          nan
           0       115000      1543.83      35.1065  2.33398e+18
           0       125000          nan          nan          nan
           0       135000      1687.89      31.6724  6.66692e+17
           0       145000          nan          nan          nan
           0       155000          nan          nan          nan
           0       165000      1784.04      28.7334  3.15894e+17
           0       175000          nan          nan          nan
           0       185000      1832.29      26.1959  2.12345e+17
           0       195000          nan          nan          nan
           0       205000          nan          nan          nan
           0       215000      1832.63       24.128  1.85685e+17
           0       225000          nan          nan          nan
           0       235000      1785.07      22.8667  2.38296e+17
           0       245000          nan          nan          nan
           0       255000          nan          nan          nan
           0       265000      1749.58      22.2523  4.74295e+17
           0       275000          nan          nan          nan
           0       285000      1762.08      22.1081  5.43259e+17
           0       295000          nan          nan          nan
           0       305000          nan          nan          nan
           0       315000      1774.58      23.0661  5.85374e+17
           0       325000          nan          nan          nan
           0       335000      1787.08      25.2123  5.93681e+17
           0       345000          nan          nan          nan
           0       355000          nan          nan          nan
           0       365000      1799.58      28.5762  5.83701e+17
           0       375000          nan          nan          nan
           0       385000      1812.08      33.1497  5.75163e+17
           0       395000          nan          nan          nan
           0       405000          nan          nan          nan
           0       415000      1824.58      38.9285  5.69765e+17
           0       425000          nan          nan          nan
           0       435000      1837.08      45.9187  5.67555e+17
           0       445000          nan          nan          nan
           0       455000          nan          nan          nan
           0       465000      1849.58      54.1375  5.68406e+17
           0       475000          nan          nan          nan
           0       485000      1862.08      63.6178  5.72151e+17
           0       495000          nan          nan          nan
