# This is an exemplary isentrope for a harzburgitic mantle composition, using the
# Birch-Murnaghan equation of state, and computed by the BurnMan software. Other compositions, equations of
# state, and software packages are supported as well, as long as the their results are in the format
# below.
#
# POINTS: 501 
# depth (m), pressure (Pa), temperature (K), density (kg/m^3), gravity (m/s^2), thermal expansivity (1/K), specific heat (J/K/kg), compressibility (1/Pa)
depth                   pressure                temperature             density                 gravity                 thermal_expansivity     specific_heat           compressibility
0.000000E+00	1.446531E+03	1.700000E+03	3.205537E+03	9.810000E+00	4.255536E-05	1.263452E+03	1.018185E-11 
5.604500E+03	1.763990E+08	1.702957E+03	3.211027E+03	9.812181E+00	4.210909E-05	1.262327E+03	1.009861E-11 
1.120925E+04	3.531397E+08	1.705892E+03	3.218751E+03	9.814363E+00	4.166280E-05	1.261203E+03	1.001536E-11 
1.681375E+04	5.302050E+08	1.708804E+03	3.224063E+03	9.816544E+00	4.121653E-05	1.260078E+03	9.932121E-12 
2.241825E+04	7.076661E+08	1.711694E+03	3.226986E+03	9.818718E+00	4.078100E-05	1.258983E+03	9.850618E-12 
2.802300E+04	8.853984E+08	1.714562E+03	3.234733E+03	9.820877E+00	4.036619E-05	1.257946E+03	9.772469E-12 
3.362750E+04	1.063456E+09	1.717408E+03	3.239880E+03	9.823037E+00	3.995140E-05	1.256909E+03	9.694323E-12 
3.923200E+04	1.241905E+09	1.720233E+03	3.242856E+03	9.825196E+00	3.953662E-05	1.255872E+03	9.616178E-12 
4.483675E+04	1.420625E+09	1.723036E+03	3.250346E+03	9.827342E+00	3.914160E-05	1.254889E+03	9.541265E-12 
5.044125E+04	1.599661E+09	1.725820E+03	3.255526E+03	9.829482E+00	3.875484E-05	1.253929E+03	9.467701E-12 
5.604575E+04	1.779088E+09	1.728583E+03	3.258265E+03	9.831622E+00	3.836808E-05	1.252968E+03	9.394137E-12 
6.165050E+04	1.958782E+09	1.731326E+03	3.265900E+03	9.833760E+00	3.798366E-05	1.252015E+03	9.320962E-12 
6.725500E+04	2.138794E+09	1.734049E+03	3.270928E+03	9.835883E+00	3.762197E-05	1.251123E+03	9.251538E-12 
7.285950E+04	2.319186E+09	1.736753E+03	3.273844E+03	9.838004E+00	3.726029E-05	1.250232E+03	9.182114E-12 
7.846425E+04	2.499844E+09	1.739438E+03	3.281286E+03	9.840127E+00	3.689858E-05	1.249340E+03	9.112687E-12 
8.406875E+04	2.680816E+09	1.742103E+03	3.286303E+03	9.842241E+00	3.654827E-05	1.248479E+03	9.045160E-12 
8.967325E+04	2.862173E+09	1.744750E+03	3.289099E+03	9.844347E+00	3.620913E-05	1.247649E+03	8.979492E-12 
9.527800E+04	3.043788E+09	1.747379E+03	3.294123E+03	9.846454E+00	3.586996E-05	1.246818E+03	8.913821E-12 
1.008825E+05	3.225648E+09	1.749990E+03	3.301382E+03	9.848560E+00	3.553082E-05	1.245988E+03	8.848153E-12 
1.064870E+05	3.407953E+09	1.752583E+03	3.304117E+03	9.850652E+00	3.521074E-05	1.245209E+03	8.785692E-12 
1.120918E+05	3.590517E+09	1.755159E+03	3.309118E+03	9.852745E+00	3.489194E-05	1.244433E+03	8.723443E-12 
1.176962E+05	3.773324E+09	1.757717E+03	3.316291E+03	9.854837E+00	3.457314E-05	1.243658E+03	8.661198E-12 
1.233008E+05	3.956508E+09	1.760258E+03	3.319050E+03	9.856924E+00	3.426154E-05	1.242901E+03	8.600172E-12 
1.289055E+05	4.140009E+09	1.762782E+03	3.324077E+03	9.859003E+00	3.396119E-05	1.242175E+03	8.541051E-12 
1.345100E+05	4.323753E+09	1.765290E+03	3.331204E+03	9.861082E+00	3.366084E-05	1.241449E+03	8.481934E-12 
1.401148E+05	4.507881E+09	1.767781E+03	3.333803E+03	9.863161E+00	3.336048E-05	1.240723E+03	8.422814E-12 
1.457192E+05	4.692309E+09	1.770256E+03	3.338865E+03	9.865230E+00	3.307463E-05	1.240036E+03	8.366174E-12 
1.513238E+05	4.876988E+09	1.772716E+03	3.345775E+03	9.867298E+00	3.279107E-05	1.239354E+03	8.309926E-12 
1.569285E+05	5.062042E+09	1.775159E+03	3.348481E+03	9.869365E+00	3.250750E-05	1.238673E+03	8.253675E-12 
1.625330E+05	5.247395E+09	1.777587E+03	3.353462E+03	9.871429E+00	3.222939E-05	1.238006E+03	8.198368E-12 
1.681375E+05	5.432996E+09	1.779999E+03	3.360419E+03	9.873486E+00	3.196115E-05	1.237365E+03	8.144760E-12 
1.737422E+05	5.618975E+09	1.782397E+03	3.363020E+03	9.875543E+00	3.169289E-05	1.236724E+03	8.091150E-12 
1.793468E+05	5.805246E+09	1.784779E+03	3.368005E+03	9.877600E+00	3.142465E-05	1.236083E+03	8.037543E-12 
1.849512E+05	5.991765E+09	1.787147E+03	3.374813E+03	9.879649E+00	3.116858E-05	1.235474E+03	7.986049E-12 
1.905560E+05	6.178657E+09	1.789500E+03	3.377374E+03	9.881697E+00	3.091435E-05	1.234871E+03	7.934876E-12 
1.961605E+05	6.365840E+09	1.791839E+03	3.382319E+03	9.883745E+00	3.066013E-05	1.234267E+03	7.883704E-12 
2.017650E+05	6.553271E+09	1.794163E+03	3.389044E+03	9.885789E+00	3.041105E-05	1.233676E+03	7.833431E-12 
2.073698E+05	6.741071E+09	1.796474E+03	3.391673E+03	9.887829E+00	3.016970E-05	1.233106E+03	7.784511E-12 
2.129742E+05	6.929158E+09	1.798771E+03	3.396550E+03	9.889868E+00	2.992835E-05	1.232536E+03	7.735592E-12 
2.185788E+05	7.117492E+09	1.801054E+03	3.403267E+03	9.891907E+00	2.968701E-05	1.231966E+03	7.686674E-12 
2.241835E+05	7.306194E+09	1.803323E+03	3.405786E+03	9.893939E+00	2.945689E-05	1.231425E+03	7.639734E-12 
2.297880E+05	7.495182E+09	1.805579E+03	3.410688E+03	9.895971E+00	2.922740E-05	1.230886E+03	7.592905E-12 
2.353925E+05	7.684414E+09	1.807822E+03	3.417242E+03	9.898003E+00	2.899791E-05	1.230346E+03	7.546076E-12 
2.409972E+05	7.874010E+09	1.810052E+03	3.419810E+03	9.900031E+00	2.877403E-05	1.229822E+03	7.500244E-12 
2.466018E+05	8.063890E+09	1.812268E+03	3.424652E+03	9.902055E+00	2.855548E-05	1.229311E+03	7.455357E-12 
2.522062E+05	8.254013E+09	1.814472E+03	3.431189E+03	9.904079E+00	2.833692E-05	1.228800E+03	7.410470E-12 
2.578110E+05	8.444501E+09	1.816664E+03	3.433741E+03	9.906104E+00	2.811936E-05	1.228291E+03	7.365759E-12 
2.634155E+05	8.635267E+09	1.818843E+03	3.438542E+03	9.908123E+00	2.791092E-05	1.227807E+03	7.322680E-12 
2.690202E+05	8.826285E+09	1.821010E+03	3.444981E+03	9.910142E+00	2.770247E-05	1.227322E+03	7.279599E-12 
2.746248E+05	9.017646E+09	1.823164E+03	3.447502E+03	9.912161E+00	2.749404E-05	1.226837E+03	7.236521E-12 
2.802292E+05	9.209295E+09	1.825306E+03	3.452295E+03	9.914179E+00	2.729216E-05	1.226369E+03	7.194623E-12 
2.858340E+05	9.401194E+09	1.827437E+03	3.458626E+03	9.916195E+00	2.709310E-05	1.225908E+03	7.153230E-12 
2.914385E+05	9.593432E+09	1.829556E+03	3.461175E+03	9.918212E+00	2.689404E-05	1.225448E+03	7.111840E-12 
2.970430E+05	9.785957E+09	1.831663E+03	3.465952E+03	9.920228E+00	2.669775E-05	1.224994E+03	7.070950E-12 
3.026478E+05	9.978787E+09	1.833758E+03	3.472484E+03	9.922247E+00	2.650741E-05	1.224556E+03	7.031138E-12 
3.082522E+05	1.017191E+10	1.835842E+03	3.476741E+03	9.924265E+00	2.631708E-05	1.224117E+03	6.991328E-12 
3.138568E+05	1.036536E+10	1.837915E+03	3.479528E+03	9.926284E+00	2.612678E-05	1.223679E+03	6.951524E-12 
3.194615E+05	1.055906E+10	1.839977E+03	3.485967E+03	9.928303E+00	2.594413E-05	1.223260E+03	6.913114E-12 
3.250660E+05	1.075305E+10	1.842028E+03	3.490173E+03	9.930324E+00	2.576193E-05	1.222842E+03	6.874787E-12 
3.306705E+05	1.094737E+10	1.844067E+03	3.492933E+03	9.932345E+00	2.557973E-05	1.222425E+03	6.836459E-12 
3.362752E+05	1.114194E+10	1.846096E+03	3.499346E+03	9.934362E+00	2.540208E-05	1.222019E+03	6.798966E-12 
3.418798E+05	1.133679E+10	1.848114E+03	3.503494E+03	9.936377E+00	2.522748E-05	1.221620E+03	6.762034E-12 
3.474842E+05	1.153197E+10	1.850122E+03	3.506265E+03	9.938392E+00	2.505288E-05	1.221222E+03	6.725101E-12 
3.530890E+05	1.172740E+10	1.852119E+03	3.512624E+03	9.940404E+00	2.488016E-05	1.220828E+03	6.688514E-12 
3.586935E+05	1.192311E+10	1.854106E+03	3.516733E+03	9.942404E+00	2.471268E-05	1.220448E+03	6.652897E-12 
3.642980E+05	1.211915E+10	1.856083E+03	3.519495E+03	9.944406E+00	2.454520E-05	1.220067E+03	6.617280E-12 
3.699028E+05	1.231542E+10	1.858049E+03	3.525796E+03	9.946406E+00	2.437774E-05	1.219687E+03	6.581664E-12 
3.755072E+05	1.251199E+10	1.860006E+03	3.529865E+03	9.948435E+00	2.421650E-05	1.219322E+03	6.547207E-12 
3.811120E+05	1.270883E+10	1.861952E+03	3.532331E+03	9.950466E+00	2.405567E-05	1.218958E+03	6.512824E-12 
3.867165E+05	1.290595E+10	1.863889E+03	3.538872E+03	9.952497E+00	2.389484E-05	1.218594E+03	6.478441E-12 
3.923210E+05	1.310343E+10	1.865817E+03	3.552110E+03	9.954477E+00	2.387672E-05	1.219264E+03	6.388387E-12 
3.979258E+05	1.330184E+10	1.867748E+03	3.569106E+03	9.956431E+00	2.394068E-05	1.220527E+03	6.266306E-12 
4.035302E+05	1.350132E+10	1.869684E+03	3.588264E+03	9.958384E+00	2.400463E-05	1.221790E+03	6.144230E-12 
4.091348E+05	1.370185E+10	1.871626E+03	3.619110E+03	9.960159E+00	2.423207E-05	1.224179E+03	5.969803E-12 
4.147395E+05	1.390456E+10	1.873593E+03	3.664839E+03	9.961615E+00	2.475375E-05	1.228594E+03	5.701155E-12 
4.203440E+05	1.410987E+10	1.875598E+03	3.712329E+03	9.963072E+00	2.527540E-05	1.233008E+03	5.432518E-12 
4.259485E+05	1.431782E+10	1.877639E+03	3.751533E+03	9.964465E+00	2.567514E-05	1.236538E+03	5.209049E-12 
4.315532E+05	1.452745E+10	1.879698E+03	3.755654E+03	9.965583E+00	2.553585E-05	1.236156E+03	5.185290E-12 
4.371578E+05	1.473731E+10	1.881749E+03	3.759534E+03	9.966702E+00	2.539656E-05	1.235774E+03	5.161532E-12 
4.427622E+05	1.494737E+10	1.883792E+03	3.764733E+03	9.967824E+00	2.525770E-05	1.235394E+03	5.137836E-12 
4.483670E+05	1.515771E+10	1.885828E+03	3.766946E+03	9.968994E+00	2.512322E-05	1.235026E+03	5.114799E-12 
4.539715E+05	1.536828E+10	1.887856E+03	3.771100E+03	9.970164E+00	2.498875E-05	1.234658E+03	5.091763E-12 
4.595760E+05	1.557905E+10	1.889876E+03	3.776236E+03	9.971334E+00	2.485435E-05	1.234291E+03	5.068738E-12 
4.651808E+05	1.579012E+10	1.891888E+03	3.778448E+03	9.972508E+00	2.472391E-05	1.233935E+03	5.046301E-12 
4.707852E+05	1.600140E+10	1.893893E+03	3.782589E+03	9.973682E+00	2.459359E-05	1.233580E+03	5.023882E-12 
4.763898E+05	1.621289E+10	1.895890E+03	3.787672E+03	9.974857E+00	2.446327E-05	1.233224E+03	5.001463E-12 
4.819945E+05	1.642467E+10	1.897880E+03	3.789882E+03	9.976026E+00	2.433658E-05	1.232879E+03	4.979589E-12 
4.875990E+05	1.663667E+10	1.899862E+03	3.794008E+03	9.977193E+00	2.421028E-05	1.232536E+03	4.957773E-12 
4.932035E+05	1.684887E+10	1.901838E+03	3.799037E+03	9.978361E+00	2.408398E-05	1.232192E+03	4.935956E-12 
4.988082E+05	1.706136E+10	1.903805E+03	3.801246E+03	9.979543E+00	2.396083E-05	1.231857E+03	4.914613E-12 
5.044128E+05	1.727407E+10	1.905766E+03	3.805359E+03	9.980727E+00	2.383832E-05	1.231525E+03	4.893367E-12 
5.100175E+05	1.748699E+10	1.907719E+03	3.810335E+03	9.981911E+00	2.371581E-05	1.231192E+03	4.872120E-12 
5.156220E+05	1.770018E+10	1.909666E+03	3.812542E+03	9.983105E+00	2.359614E-05	1.230868E+03	4.851303E-12 
5.212265E+05	1.791359E+10	1.911605E+03	3.816639E+03	9.984302E+00	2.347732E-05	1.230546E+03	4.830615E-12 
5.268312E+05	1.812722E+10	1.913537E+03	3.820035E+03	9.985500E+00	2.335849E-05	1.230225E+03	4.809926E-12 
5.324358E+05	1.834110E+10	1.915460E+03	3.828177E+03	9.986677E+00	2.307888E-05	1.229396E+03	4.769132E-12 
5.380402E+05	1.855551E+10	1.917362E+03	3.838087E+03	9.987848E+00	2.273458E-05	1.228365E+03	4.720250E-12 
5.436450E+05	1.877051E+10	1.919239E+03	3.847997E+03	9.989018E+00	2.239027E-05	1.227333E+03	4.671366E-12 
5.492495E+05	1.898614E+10	1.921087E+03	3.864638E+03	9.990079E+00	2.180785E-05	1.225492E+03	4.598445E-12 
5.548540E+05	1.920280E+10	1.922889E+03	3.884539E+03	9.991086E+00	2.111009E-05	1.223259E+03	4.513880E-12 
5.604588E+05	1.942061E+10	1.924637E+03	3.904440E+03	9.992094E+00	2.041230E-05	1.221026E+03	4.429312E-12 
5.660632E+05	1.963947E+10	1.926335E+03	3.916346E+03	9.993002E+00	2.001121E-05	1.219756E+03	4.379200E-12 
5.716678E+05	1.985893E+10	1.928009E+03	3.924361E+03	9.993862E+00	1.975445E-05	1.218954E+03	4.345852E-12 
5.772725E+05	2.007886E+10	1.929663E+03	3.932376E+03	9.994721E+00	1.949768E-05	1.218152E+03	4.312502E-12 
5.828770E+05	2.029922E+10	1.931301E+03	3.937258E+03	9.995575E+00	1.935529E-05	1.217735E+03	4.291063E-12 
5.884815E+05	2.051984E+10	1.932930E+03	3.940835E+03	9.996427E+00	1.926054E-05	1.217478E+03	4.274588E-12 
5.940862E+05	2.074073E+10	1.934553E+03	3.944793E+03	9.997278E+00	1.916580E-05	1.217220E+03	4.258112E-12 
5.996908E+05	2.096180E+10	1.936170E+03	3.949383E+03	9.998144E+00	1.907292E-05	1.216969E+03	4.241915E-12 
6.052952E+05	2.118313E+10	1.937781E+03	3.951531E+03	9.999013E+00	1.898066E-05	1.216719E+03	4.225812E-12 
6.109000E+05	2.140468E+10	1.939386E+03	3.955478E+03	9.999882E+00	1.888840E-05	1.216469E+03	4.209707E-12 
6.165045E+05	2.162640E+10	1.940985E+03	3.960026E+03	1.000074E+01	1.879794E-05	1.216224E+03	4.193869E-12 
6.221090E+05	2.184838E+10	1.942579E+03	3.962179E+03	1.000159E+01	1.870791E-05	1.215981E+03	4.178097E-12 
6.277138E+05	2.207058E+10	1.944166E+03	3.966122E+03	1.000244E+01	1.861788E-05	1.215738E+03	4.162325E-12 
6.333182E+05	2.229296E+10	1.945748E+03	3.970606E+03	1.000341E+01	1.853031E-05	1.215502E+03	4.146934E-12 
6.389230E+05	2.251561E+10	1.947324E+03	3.972736E+03	1.000441E+01	1.844311E-05	1.215267E+03	4.131601E-12 
6.445275E+05	2.273845E+10	1.948895E+03	3.979872E+03	1.000540E+01	1.835592E-05	1.215032E+03	4.116269E-12 
6.501320E+05	2.296295E+10	1.950513E+03	4.088504E+03	1.000560E+01	2.108821E-05	1.229966E+03	3.993297E-12 
6.557368E+05	2.319388E+10	1.952349E+03	4.207284E+03	1.000572E+01	2.406315E-05	1.246206E+03	3.861061E-12 
6.613412E+05	2.343154E+10	1.954411E+03	4.307482E+03	1.000576E+01	2.669788E-05	1.260614E+03	3.742047E-12 
6.669458E+05	2.367333E+10	1.956604E+03	4.319593E+03	1.000503E+01	2.660268E-05	1.260336E+03	3.729135E-12 
6.725505E+05	2.391558E+10	1.958801E+03	4.321886E+03	1.000430E+01	2.650747E-05	1.260057E+03	3.716223E-12 
6.781550E+05	2.415799E+10	1.960992E+03	4.325991E+03	1.000362E+01	2.641337E-05	1.259782E+03	3.703447E-12 
6.837595E+05	2.440056E+10	1.963178E+03	4.330567E+03	1.000300E+01	2.632071E-05	1.259510E+03	3.690852E-12 
6.893642E+05	2.464337E+10	1.965360E+03	4.332837E+03	1.000239E+01	2.622804E-05	1.259239E+03	3.678257E-12 
6.949688E+05	2.488635E+10	1.967537E+03	4.336919E+03	1.000176E+01	2.613675E-05	1.258972E+03	3.665829E-12 
7.005732E+05	2.512949E+10	1.969709E+03	4.341453E+03	1.000113E+01	2.604594E-05	1.258706E+03	3.653460E-12 
7.061779E+05	2.537286E+10	1.971877E+03	4.343724E+03	1.000049E+01	2.595522E-05	1.258440E+03	3.641102E-12 
7.117825E+05	2.561637E+10	1.974039E+03	4.347342E+03	9.999867E+00	2.586613E-05	1.258180E+03	3.628943E-12 
7.173871E+05	2.586006E+10	1.976197E+03	4.352296E+03	9.999239E+00	2.577705E-05	1.257919E+03	3.616784E-12 
7.229918E+05	2.610400E+10	1.978351E+03	4.354569E+03	9.998612E+00	2.568861E-05	1.257660E+03	3.604703E-12 
7.285962E+05	2.634810E+10	1.980500E+03	4.358639E+03	9.997989E+00	2.560122E-05	1.257404E+03	3.592752E-12 
7.342009E+05	2.659237E+10	1.982644E+03	4.363097E+03	9.997365E+00	2.551383E-05	1.257148E+03	3.580801E-12 
7.398055E+05	2.683686E+10	1.984784E+03	4.365370E+03	9.996745E+00	2.542763E-05	1.256896E+03	3.568997E-12 
7.454100E+05	2.708149E+10	1.986919E+03	4.368959E+03	9.996125E+00	2.534192E-05	1.256645E+03	3.557251E-12 
7.510146E+05	2.732630E+10	1.989050E+03	4.372546E+03	9.995506E+00	2.525629E-05	1.256394E+03	3.545517E-12 
7.566192E+05	2.757130E+10	1.991176E+03	4.376123E+03	9.994892E+00	2.517219E-05	1.256148E+03	3.533972E-12 
7.622238E+05	2.781652E+10	1.993298E+03	4.380182E+03	9.994277E+00	2.508811E-05	1.255901E+03	3.522428E-12 
7.678284E+05	2.806191E+10	1.995415E+03	4.384555E+03	9.993665E+00	2.500464E-05	1.255657E+03	3.510962E-12 
7.734330E+05	2.830751E+10	1.997528E+03	4.386828E+03	9.993055E+00	2.492214E-05	1.255415E+03	3.499615E-12 
7.790375E+05	2.855325E+10	1.999637E+03	4.390389E+03	9.992446E+00	2.483964E-05	1.255174E+03	3.488269E-12 
7.846421E+05	2.879917E+10	2.001741E+03	4.393939E+03	9.991841E+00	2.475828E-05	1.254935E+03	3.477064E-12 
7.902468E+05	2.904528E+10	2.003841E+03	4.397486E+03	9.991237E+00	2.467732E-05	1.254698E+03	3.465909E-12 
7.958514E+05	2.929157E+10	2.005937E+03	4.401030E+03	9.990635E+00	2.459650E-05	1.254461E+03	3.454771E-12 
8.014559E+05	2.953804E+10	2.008028E+03	4.404564E+03	9.990037E+00	2.451702E-05	1.254229E+03	3.443802E-12 
8.070605E+05	2.978470E+10	2.010115E+03	4.408097E+03	9.989440E+00	2.443754E-05	1.253996E+03	3.432832E-12 
8.126651E+05	3.003158E+10	2.012198E+03	4.412132E+03	9.988846E+00	2.435872E-05	1.253765E+03	3.421945E-12 
8.182696E+05	3.027861E+10	2.014277E+03	4.415142E+03	9.988255E+00	2.428069E-05	1.253536E+03	3.411155E-12 
8.238742E+05	3.052582E+10	2.016352E+03	4.418661E+03	9.987664E+00	2.420264E-05	1.253307E+03	3.400366E-12 
8.294789E+05	3.077321E+10	2.018422E+03	4.422170E+03	9.987079E+00	2.412575E-05	1.253082E+03	3.389720E-12 
8.350834E+05	3.102078E+10	2.020489E+03	4.425676E+03	9.986496E+00	2.404911E-05	1.252857E+03	3.379106E-12 
8.406880E+05	3.126853E+10	2.022551E+03	4.429179E+03	9.985913E+00	2.397272E-05	1.252634E+03	3.368524E-12 
8.462926E+05	3.151646E+10	2.024609E+03	4.432673E+03	9.985337E+00	2.389742E-05	1.252413E+03	3.358079E-12 
8.518972E+05	3.176458E+10	2.026663E+03	4.436166E+03	9.984762E+00	2.382212E-05	1.252192E+03	3.347634E-12 
8.575018E+05	3.201287E+10	2.028713E+03	4.439652E+03	9.984190E+00	2.374757E-05	1.251974E+03	3.337284E-12 
8.631064E+05	3.226135E+10	2.030760E+03	4.443132E+03	9.983622E+00	2.367358E-05	1.251757E+03	3.327005E-12 
8.687110E+05	3.251001E+10	2.032802E+03	4.446611E+03	9.983053E+00	2.359959E-05	1.251540E+03	3.316725E-12 
8.743155E+05	3.275884E+10	2.034840E+03	4.450081E+03	9.982494E+00	2.352682E-05	1.251326E+03	3.306600E-12 
8.799201E+05	3.300786E+10	2.036874E+03	4.453549E+03	9.981934E+00	2.345410E-05	1.251113E+03	3.296482E-12 
8.855248E+05	3.325706E+10	2.038905E+03	4.457012E+03	9.981377E+00	2.338181E-05	1.250901E+03	3.286417E-12 
8.911292E+05	3.350643E+10	2.040931E+03	4.460468E+03	9.980827E+00	2.331032E-05	1.250692E+03	3.276455E-12 
8.967339E+05	3.375599E+10	2.042954E+03	4.463923E+03	9.980276E+00	2.323884E-05	1.250482E+03	3.266494E-12 
9.023385E+05	3.400572E+10	2.044972E+03	4.467370E+03	9.979732E+00	2.316823E-05	1.250275E+03	3.256645E-12 
9.079431E+05	3.425564E+10	2.046987E+03	4.470814E+03	9.979191E+00	2.309795E-05	1.250069E+03	3.246836E-12 
9.135476E+05	3.450573E+10	2.048998E+03	4.474254E+03	9.978651E+00	2.302782E-05	1.249863E+03	3.237047E-12 
9.191522E+05	3.475600E+10	2.051006E+03	4.477687E+03	9.978120E+00	2.295870E-05	1.249660E+03	3.227387E-12 
9.247569E+05	3.500646E+10	2.053009E+03	4.482260E+03	9.977589E+00	2.288958E-05	1.249458E+03	3.217727E-12 
9.303614E+05	3.525713E+10	2.055009E+03	4.484543E+03	9.977062E+00	2.282108E-05	1.249256E+03	3.208145E-12 
9.359660E+05	3.550798E+10	2.057005E+03	4.488531E+03	9.976541E+00	2.275309E-05	1.249057E+03	3.198630E-12 
9.415706E+05	3.575898E+10	2.058998E+03	4.491381E+03	9.976020E+00	2.268510E-05	1.248858E+03	3.189115E-12 
9.471751E+05	3.601014E+10	2.060986E+03	4.494791E+03	9.975509E+00	2.261816E-05	1.248661E+03	3.179734E-12 
9.527798E+05	3.626148E+10	2.062971E+03	4.498199E+03	9.974998E+00	2.255128E-05	1.248465E+03	3.170360E-12 
9.583844E+05	3.651300E+10	2.064953E+03	4.502715E+03	9.974493E+00	2.248479E-05	1.248270E+03	3.161037E-12 
9.639889E+05	3.676474E+10	2.066930E+03	4.504999E+03	9.973993E+00	2.241898E-05	1.248076E+03	3.151802E-12 
9.695935E+05	3.701665E+10	2.068905E+03	4.508979E+03	9.973494E+00	2.235317E-05	1.247883E+03	3.142566E-12 
9.751981E+05	3.726872E+10	2.070875E+03	4.512880E+03	9.973004E+00	2.228817E-05	1.247693E+03	3.133436E-12 
9.808028E+05	3.752100E+10	2.072842E+03	4.515168E+03	9.972516E+00	2.222341E-05	1.247502E+03	3.124335E-12 
9.864072E+05	3.777340E+10	2.074806E+03	4.518549E+03	9.972032E+00	2.215885E-05	1.247313E+03	3.115262E-12 
9.920119E+05	3.802598E+10	2.076765E+03	4.521924E+03	9.971556E+00	2.209510E-05	1.247126E+03	3.106292E-12 
9.976165E+05	3.827874E+10	2.078722E+03	4.525297E+03	9.971080E+00	2.203135E-05	1.246939E+03	3.097323E-12 
1.003221E+06	3.853167E+10	2.080675E+03	4.528664E+03	9.970613E+00	2.196824E-05	1.246753E+03	3.088435E-12 
1.008826E+06	3.878479E+10	2.082624E+03	4.533097E+03	9.970150E+00	2.190548E-05	1.246569E+03	3.079594E-12 
1.014430E+06	3.903812E+10	2.084570E+03	4.535388E+03	9.969688E+00	2.184279E-05	1.246385E+03	3.070762E-12 
1.020035E+06	3.929158E+10	2.086512E+03	4.538741E+03	9.969238E+00	2.178099E-05	1.246203E+03	3.062046E-12 
1.025639E+06	3.954522E+10	2.088452E+03	4.542092E+03	9.968789E+00	2.171920E-05	1.246022E+03	3.053330E-12 
1.031244E+06	3.979904E+10	2.090387E+03	4.545439E+03	9.968346E+00	2.165789E-05	1.245842E+03	3.044676E-12 
1.036849E+06	4.005303E+10	2.092319E+03	4.548780E+03	9.967909E+00	2.159703E-05	1.245663E+03	3.036082E-12 
1.042453E+06	4.030719E+10	2.094248E+03	4.552120E+03	9.967473E+00	2.153618E-05	1.245484E+03	3.027490E-12 
1.048058E+06	4.056154E+10	2.096174E+03	4.555451E+03	9.967050E+00	2.147620E-05	1.245308E+03	3.019009E-12 
1.053662E+06	4.081605E+10	2.098096E+03	4.558782E+03	9.966628E+00	2.141626E-05	1.245132E+03	3.010535E-12 
1.059267E+06	4.107074E+10	2.100015E+03	4.562108E+03	9.966211E+00	2.135669E-05	1.244956E+03	3.002108E-12 
1.064872E+06	4.132561E+10	2.101931E+03	4.565428E+03	9.965803E+00	2.129764E-05	1.244783E+03	2.993750E-12 
1.070476E+06	4.158065E+10	2.103843E+03	4.568747E+03	9.965395E+00	2.123860E-05	1.244609E+03	2.985393E-12 
1.076081E+06	4.183587E+10	2.105752E+03	4.572058E+03	9.965000E+00	2.118030E-05	1.244438E+03	2.977133E-12 
1.081685E+06	4.209129E+10	2.107658E+03	4.576003E+03	9.964608E+00	2.112213E-05	1.244267E+03	2.968890E-12 
1.087290E+06	4.234688E+10	2.109560E+03	4.578674E+03	9.964219E+00	2.106422E-05	1.244097E+03	2.960681E-12 
1.092894E+06	4.260261E+10	2.111459E+03	4.581973E+03	9.963841E+00	2.100690E-05	1.243928E+03	2.952550E-12 
1.098499E+06	4.285853E+10	2.113356E+03	4.585272E+03	9.963465E+00	2.094958E-05	1.243760E+03	2.944418E-12 
1.104104E+06	4.311462E+10	2.115249E+03	4.588563E+03	9.963099E+00	2.089290E-05	1.243593E+03	2.936370E-12 
1.109708E+06	4.337089E+10	2.117138E+03	4.591852E+03	9.962738E+00	2.083641E-05	1.243427E+03	2.928347E-12 
1.115313E+06	4.362732E+10	2.119025E+03	4.595139E+03	9.962380E+00	2.078011E-05	1.243261E+03	2.920350E-12 
1.120917E+06	4.388394E+10	2.120908E+03	4.598418E+03	9.962034E+00	2.072443E-05	1.243097E+03	2.912434E-12 
1.126522E+06	4.414073E+10	2.122789E+03	4.601697E+03	9.961689E+00	2.066874E-05	1.242934E+03	2.904518E-12 
1.132126E+06	4.439769E+10	2.124666E+03	4.604969E+03	9.961356E+00	2.061363E-05	1.242771E+03	2.896676E-12 
1.137731E+06	4.465482E+10	2.126540E+03	4.608238E+03	9.961027E+00	2.055873E-05	1.242610E+03	2.888864E-12 
1.143336E+06	4.491213E+10	2.128411E+03	4.611505E+03	9.960702E+00	2.050399E-05	1.242449E+03	2.881071E-12 
1.148940E+06	4.516961E+10	2.130279E+03	4.614765E+03	9.960391E+00	2.044987E-05	1.242290E+03	2.873361E-12 
1.154545E+06	4.542727E+10	2.132144E+03	4.618024E+03	9.960079E+00	2.039574E-05	1.242130E+03	2.865651E-12 
1.160150E+06	4.568510E+10	2.134006E+03	4.621277E+03	9.959780E+00	2.034213E-05	1.241972E+03	2.858008E-12 
1.165754E+06	4.594311E+10	2.135865E+03	4.624527E+03	9.959487E+00	2.028876E-05	1.241815E+03	2.850397E-12 
1.171359E+06	4.620129E+10	2.137721E+03	4.627774E+03	9.959196E+00	2.023551E-05	1.241659E+03	2.842803E-12 
1.176963E+06	4.645964E+10	2.139574E+03	4.631015E+03	9.958920E+00	2.018288E-05	1.241504E+03	2.835290E-12 
1.182568E+06	4.671817E+10	2.141424E+03	4.634255E+03	9.958646E+00	2.013024E-05	1.241349E+03	2.827777E-12 
1.188172E+06	4.697687E+10	2.143270E+03	4.637489E+03	9.958383E+00	2.007808E-05	1.241195E+03	2.820326E-12 
1.193777E+06	4.723574E+10	2.145114E+03	4.640720E+03	9.958127E+00	2.002617E-05	1.241042E+03	2.812909E-12 
1.199382E+06	4.749479E+10	2.146956E+03	4.643949E+03	9.957873E+00	1.997435E-05	1.240890E+03	2.805505E-12 
1.204986E+06	4.775401E+10	2.148794E+03	4.647171E+03	9.957635E+00	1.992314E-05	1.240739E+03	2.798181E-12 
1.210591E+06	4.801341E+10	2.150629E+03	4.650392E+03	9.957398E+00	1.987193E-05	1.240588E+03	2.790858E-12 
1.216195E+06	4.827297E+10	2.152461E+03	4.653608E+03	9.957173E+00	1.982116E-05	1.240438E+03	2.783593E-12 
1.221800E+06	4.853272E+10	2.154291E+03	4.656820E+03	9.956956E+00	1.977064E-05	1.240289E+03	2.776360E-12 
1.227404E+06	4.879263E+10	2.156118E+03	4.660031E+03	9.956742E+00	1.972021E-05	1.240141E+03	2.769141E-12 
1.233009E+06	4.905272E+10	2.157941E+03	4.663234E+03	9.956544E+00	1.967036E-05	1.239994E+03	2.761999E-12 
1.238614E+06	4.931298E+10	2.159763E+03	4.666438E+03	9.956347E+00	1.962050E-05	1.239847E+03	2.754857E-12 
1.244218E+06	4.957342E+10	2.161581E+03	4.669635E+03	9.956164E+00	1.957108E-05	1.239701E+03	2.747771E-12 
1.249823E+06	4.983403E+10	2.163396E+03	4.672829E+03	9.955987E+00	1.952189E-05	1.239556E+03	2.740717E-12 
1.255428E+06	5.009481E+10	2.165209E+03	4.676021E+03	9.955813E+00	1.947279E-05	1.239412E+03	2.733676E-12 
1.261032E+06	5.035577E+10	2.167019E+03	4.679207E+03	9.955658E+00	1.942424E-05	1.239268E+03	2.726707E-12 
1.266637E+06	5.061690E+10	2.168825E+03	4.682392E+03	9.955503E+00	1.937569E-05	1.239125E+03	2.719739E-12 
1.272241E+06	5.087821E+10	2.170630E+03	4.685572E+03	9.955363E+00	1.932756E-05	1.238983E+03	2.712827E-12 
1.277846E+06	5.113968E+10	2.172431E+03	4.688748E+03	9.955229E+00	1.927963E-05	1.238842E+03	2.705943E-12 
1.283450E+06	5.140133E+10	2.174230E+03	4.691923E+03	9.955100E+00	1.923183E-05	1.238701E+03	2.699075E-12 
1.289055E+06	5.166316E+10	2.176026E+03	4.695091E+03	9.954988E+00	1.918452E-05	1.238562E+03	2.692273E-12 
1.294660E+06	5.192516E+10	2.177820E+03	4.698259E+03	9.954877E+00	1.913721E-05	1.238422E+03	2.685472E-12 
1.300264E+06	5.218733E+10	2.179610E+03	4.701421E+03	9.954782E+00	1.909033E-05	1.238284E+03	2.678728E-12 
1.305869E+06	5.244968E+10	2.181399E+03	4.704580E+03	9.954693E+00	1.904362E-05	1.238146E+03	2.672007E-12 
1.311473E+06	5.271220E+10	2.183184E+03	4.707737E+03	9.954611E+00	1.899706E-05	1.238009E+03	2.665306E-12 
1.317078E+06	5.297489E+10	2.184967E+03	4.710888E+03	9.954545E+00	1.895094E-05	1.237872E+03	2.658665E-12 
1.322682E+06	5.323779E+10	2.186747E+03	4.714778E+03	9.954480E+00	1.890482E-05	1.237736E+03	2.652023E-12 
1.328287E+06	5.350085E+10	2.188525E+03	4.717184E+03	9.954433E+00	1.885914E-05	1.237601E+03	2.645442E-12 
1.333892E+06	5.376407E+10	2.190299E+03	4.720326E+03	9.954392E+00	1.881360E-05	1.237467E+03	2.638879E-12 
1.339496E+06	5.402746E+10	2.192072E+03	4.723466E+03	9.954358E+00	1.876823E-05	1.237333E+03	2.632339E-12 
1.345101E+06	5.429103E+10	2.193842E+03	4.726601E+03	9.954341E+00	1.872325E-05	1.237200E+03	2.625852E-12 
1.350706E+06	5.455477E+10	2.195609E+03	4.729735E+03	9.954323E+00	1.867827E-05	1.237068E+03	2.619365E-12 
1.356310E+06	5.481868E+10	2.197373E+03	4.732862E+03	9.954327E+00	1.863377E-05	1.236936E+03	2.612941E-12 
1.361915E+06	5.508277E+10	2.199135E+03	4.735988E+03	9.954335E+00	1.858934E-05	1.236805E+03	2.606529E-12 
1.367519E+06	5.534704E+10	2.200895E+03	4.739111E+03	9.954352E+00	1.854513E-05	1.236674E+03	2.600145E-12 
1.373124E+06	5.561147E+10	2.202652E+03	4.742229E+03	9.954385E+00	1.850124E-05	1.236545E+03	2.593806E-12 
1.378728E+06	5.587609E+10	2.204407E+03	4.745347E+03	9.954418E+00	1.845735E-05	1.236415E+03	2.587467E-12 
1.384333E+06	5.614088E+10	2.206159E+03	4.748458E+03	9.954475E+00	1.841397E-05	1.236287E+03	2.581195E-12 
1.389938E+06	5.640584E+10	2.207908E+03	4.751568E+03	9.954534E+00	1.837061E-05	1.236159E+03	2.574928E-12 
1.395542E+06	5.667098E+10	2.209655E+03	4.754675E+03	9.954606E+00	1.832751E-05	1.236031E+03	2.568696E-12 
1.401147E+06	5.693629E+10	2.211400E+03	4.757776E+03	9.954691E+00	1.828467E-05	1.235905E+03	2.562499E-12 
1.406751E+06	5.720178E+10	2.213142E+03	4.760878E+03	9.954778E+00	1.824186E-05	1.235778E+03	2.556306E-12 
1.412356E+06	5.746745E+10	2.214882E+03	4.764737E+03	9.954890E+00	1.819953E-05	1.235653E+03	2.550179E-12 
1.417960E+06	5.773333E+10	2.216619E+03	4.767067E+03	9.955002E+00	1.815720E-05	1.235528E+03	2.544051E-12 
1.423565E+06	5.799935E+10	2.218354E+03	4.770157E+03	9.955131E+00	1.811518E-05	1.235404E+03	2.537965E-12 
1.429170E+06	5.826554E+10	2.220086E+03	4.773244E+03	9.955271E+00	1.807335E-05	1.235280E+03	2.531906E-12 
1.434774E+06	5.853191E+10	2.221817E+03	4.776329E+03	9.955415E+00	1.803160E-05	1.235157E+03	2.525857E-12 
1.440379E+06	5.879845E+10	2.223544E+03	4.779409E+03	9.955583E+00	1.799026E-05	1.235034E+03	2.519865E-12 
1.445983E+06	5.906517E+10	2.225270E+03	4.782488E+03	9.955750E+00	1.794892E-05	1.234912E+03	2.513872E-12 
1.451588E+06	5.933207E+10	2.226993E+03	4.785562E+03	9.955939E+00	1.790793E-05	1.234791E+03	2.507927E-12 
1.457193E+06	5.959914E+10	2.228713E+03	4.788633E+03	9.956135E+00	1.786707E-05	1.234670E+03	2.502000E-12 
1.462797E+06	5.986639E+10	2.230432E+03	4.791703E+03	9.956340E+00	1.782635E-05	1.234550E+03	2.496092E-12 
1.468402E+06	6.013382E+10	2.232148E+03	4.794767E+03	9.956566E+00	1.778596E-05	1.234430E+03	2.490229E-12 
1.474006E+06	6.040142E+10	2.233861E+03	4.797831E+03	9.956791E+00	1.774556E-05	1.234311E+03	2.484366E-12 
1.479611E+06	6.066921E+10	2.235573E+03	4.800889E+03	9.957043E+00	1.770558E-05	1.234192E+03	2.478558E-12 
1.485216E+06	6.093716E+10	2.237282E+03	4.803946E+03	9.957298E+00	1.766564E-05	1.234074E+03	2.472758E-12 
1.490820E+06	6.120530E+10	2.238989E+03	4.807000E+03	9.957567E+00	1.762592E-05	1.233957E+03	2.466987E-12 
1.496425E+06	6.147362E+10	2.240693E+03	4.810050E+03	9.957852E+00	1.758644E-05	1.233840E+03	2.461248E-12 
1.502029E+06	6.174210E+10	2.242396E+03	4.813098E+03	9.958139E+00	1.754698E-05	1.233723E+03	2.455513E-12 
1.507634E+06	6.201077E+10	2.244096E+03	4.816142E+03	9.958455E+00	1.750793E-05	1.233607E+03	2.449835E-12 
1.513238E+06	6.227962E+10	2.245793E+03	4.819185E+03	9.958772E+00	1.746890E-05	1.233492E+03	2.444158E-12 
1.518843E+06	6.254865E+10	2.247489E+03	4.822223E+03	9.959107E+00	1.743013E-05	1.233377E+03	2.438518E-12 
1.524448E+06	6.281785E+10	2.249183E+03	4.825258E+03	9.959455E+00	1.739152E-05	1.233263E+03	2.432900E-12 
1.530052E+06	6.308724E+10	2.250874E+03	4.828292E+03	9.959809E+00	1.735301E-05	1.233148E+03	2.427295E-12 
1.535657E+06	6.335680E+10	2.252563E+03	4.831321E+03	9.960189E+00	1.731483E-05	1.233035E+03	2.421736E-12 
1.541261E+06	6.362654E+10	2.254250E+03	4.834349E+03	9.960568E+00	1.727665E-05	1.232922E+03	2.416176E-12 
1.546866E+06	6.389647E+10	2.255934E+03	4.837373E+03	9.960975E+00	1.723881E-05	1.232810E+03	2.410664E-12 
1.552471E+06	6.416657E+10	2.257617E+03	4.840394E+03	9.961387E+00	1.720105E-05	1.232698E+03	2.405162E-12 
1.558075E+06	6.443685E+10	2.259297E+03	4.843413E+03	9.961812E+00	1.716346E-05	1.232587E+03	2.399684E-12 
1.563680E+06	6.470731E+10	2.260975E+03	4.846429E+03	9.962257E+00	1.712610E-05	1.232476E+03	2.394239E-12 
1.569284E+06	6.497795E+10	2.262651E+03	4.849442E+03	9.962703E+00	1.708876E-05	1.232365E+03	2.388794E-12 
1.574889E+06	6.524877E+10	2.264325E+03	4.852452E+03	9.963182E+00	1.705181E-05	1.232256E+03	2.383405E-12 
1.580494E+06	6.551978E+10	2.265997E+03	4.855460E+03	9.963661E+00	1.701486E-05	1.232146E+03	2.378015E-12 
1.586098E+06	6.579096E+10	2.267667E+03	4.858464E+03	9.964161E+00	1.697815E-05	1.232038E+03	2.372659E-12 
1.591703E+06	6.606233E+10	2.269334E+03	4.861466E+03	9.964674E+00	1.694160E-05	1.231929E+03	2.367324E-12 
1.597307E+06	6.633388E+10	2.271000E+03	4.864466E+03	9.965196E+00	1.690513E-05	1.231821E+03	2.362001E-12 
1.602912E+06	6.660561E+10	2.272663E+03	4.867461E+03	9.965743E+00	1.686896E-05	1.231714E+03	2.356719E-12 
1.608516E+06	6.687752E+10	2.274325E+03	4.870456E+03	9.966292E+00	1.683279E-05	1.231607E+03	2.351438E-12 
1.614121E+06	6.714961E+10	2.275984E+03	4.873446E+03	9.966869E+00	1.679694E-05	1.231500E+03	2.346200E-12 
1.619726E+06	6.742189E+10	2.277642E+03	4.876435E+03	9.967453E+00	1.676115E-05	1.231394E+03	2.340971E-12 
1.625330E+06	6.769435E+10	2.279297E+03	4.879420E+03	9.968053E+00	1.672553E-05	1.231288E+03	2.335766E-12 
1.630935E+06	6.796699E+10	2.280950E+03	4.882403E+03	9.968673E+00	1.669012E-05	1.231183E+03	2.330589E-12 
1.636539E+06	6.823982E+10	2.282602E+03	4.885384E+03	9.969296E+00	1.665473E-05	1.231078E+03	2.325416E-12 
1.642144E+06	6.851283E+10	2.284251E+03	4.888361E+03	9.969952E+00	1.661969E-05	1.230974E+03	2.320289E-12 
1.647748E+06	6.878603E+10	2.285899E+03	4.891337E+03	9.970609E+00	1.658464E-05	1.230870E+03	2.315163E-12 
1.653353E+06	6.905940E+10	2.287544E+03	4.894309E+03	9.971292E+00	1.654984E-05	1.230767E+03	2.310072E-12 
1.658958E+06	6.933297E+10	2.289187E+03	4.897279E+03	9.971985E+00	1.651515E-05	1.230664E+03	2.304996E-12 
1.664562E+06	6.960672E+10	2.290829E+03	4.900247E+03	9.972691E+00	1.648058E-05	1.230561E+03	2.299935E-12 
1.670167E+06	6.988066E+10	2.292468E+03	4.903211E+03	9.973423E+00	1.644624E-05	1.230459E+03	2.294908E-12 
1.675772E+06	7.015478E+10	2.294106E+03	4.906174E+03	9.974155E+00	1.641191E-05	1.230357E+03	2.289881E-12 
1.681376E+06	7.042908E+10	2.295741E+03	4.909132E+03	9.974923E+00	1.637791E-05	1.230256E+03	2.284900E-12 
1.686981E+06	7.070357E+10	2.297375E+03	4.912090E+03	9.975694E+00	1.634392E-05	1.230156E+03	2.279922E-12 
1.692585E+06	7.097826E+10	2.299007E+03	4.915044E+03	9.976488E+00	1.631013E-05	1.230055E+03	2.274971E-12 
1.698190E+06	7.125313E+10	2.300637E+03	4.917996E+03	9.977297E+00	1.627649E-05	1.229955E+03	2.270040E-12 
1.703794E+06	7.152818E+10	2.302265E+03	4.920946E+03	9.978116E+00	1.624291E-05	1.229855E+03	2.265119E-12 
1.709399E+06	7.180342E+10	2.303891E+03	4.923893E+03	9.978966E+00	1.620960E-05	1.229756E+03	2.260234E-12 
1.715004E+06	7.207885E+10	2.305515E+03	4.926838E+03	9.979815E+00	1.617629E-05	1.229658E+03	2.255350E-12 
1.720608E+06	7.235447E+10	2.307137E+03	4.929779E+03	9.980700E+00	1.614326E-05	1.229559E+03	2.250505E-12 
1.726213E+06	7.263028E+10	2.308758E+03	4.932720E+03	9.981590E+00	1.611028E-05	1.229461E+03	2.245667E-12 
1.731817E+06	7.290628E+10	2.310376E+03	4.935657E+03	9.982501E+00	1.607746E-05	1.229364E+03	2.240851E-12 
1.737422E+06	7.318246E+10	2.311993E+03	4.938591E+03	9.983433E+00	1.604480E-05	1.229267E+03	2.236058E-12 
1.743026E+06	7.345884E+10	2.313608E+03	4.941524E+03	9.984370E+00	1.601220E-05	1.229170E+03	2.231272E-12 
1.748631E+06	7.373541E+10	2.315221E+03	4.944454E+03	9.985343E+00	1.597985E-05	1.229074E+03	2.226523E-12 
1.754236E+06	7.401216E+10	2.316833E+03	4.947382E+03	9.986316E+00	1.594751E-05	1.228977E+03	2.221774E-12 
1.759840E+06	7.428911E+10	2.318442E+03	4.950307E+03	9.987324E+00	1.591542E-05	1.228882E+03	2.217060E-12 
1.765445E+06	7.456625E+10	2.320050E+03	4.953230E+03	9.988339E+00	1.588340E-05	1.228787E+03	2.212355E-12 
1.771050E+06	7.484359E+10	2.321656E+03	4.956151E+03	9.989376E+00	1.585151E-05	1.228692E+03	2.207670E-12 
1.776654E+06	7.512111E+10	2.323260E+03	4.959068E+03	9.990434E+00	1.581979E-05	1.228597E+03	2.203008E-12 
1.782259E+06	7.539882E+10	2.324863E+03	4.961985E+03	9.991499E+00	1.578810E-05	1.228503E+03	2.198351E-12 
1.787863E+06	7.567674E+10	2.326464E+03	4.964898E+03	9.992601E+00	1.575668E-05	1.228410E+03	2.193731E-12 
1.793468E+06	7.595484E+10	2.328062E+03	4.967810E+03	9.993704E+00	1.572526E-05	1.228316E+03	2.189111E-12 
1.799072E+06	7.623314E+10	2.329660E+03	4.970718E+03	9.994841E+00	1.569407E-05	1.228223E+03	2.184524E-12 
1.804677E+06	7.651163E+10	2.331255E+03	4.973626E+03	9.995989E+00	1.566295E-05	1.228131E+03	2.179945E-12 
1.810282E+06	7.679032E+10	2.332849E+03	4.976530E+03	9.997156E+00	1.563196E-05	1.228038E+03	2.175386E-12 
1.815886E+06	7.706920E+10	2.334441E+03	4.979432E+03	9.998349E+00	1.560112E-05	1.227947E+03	2.170848E-12 
1.821491E+06	7.734828E+10	2.336031E+03	4.982333E+03	9.999547E+00	1.557033E-05	1.227855E+03	2.166316E-12 
1.827095E+06	7.762756E+10	2.337620E+03	4.985230E+03	1.000079E+01	1.553978E-05	1.227764E+03	2.161819E-12 
1.832700E+06	7.790703E+10	2.339207E+03	4.988127E+03	1.000202E+01	1.550923E-05	1.227673E+03	2.157321E-12 
1.838304E+06	7.818670E+10	2.340793E+03	4.991019E+03	1.000330E+01	1.547891E-05	1.227583E+03	2.152856E-12 
1.843909E+06	7.846657E+10	2.342376E+03	4.993911E+03	1.000458E+01	1.544864E-05	1.227493E+03	2.148398E-12 
1.849514E+06	7.874663E+10	2.343958E+03	4.996800E+03	1.000589E+01	1.541851E-05	1.227403E+03	2.143959E-12 
1.855118E+06	7.902690E+10	2.345539E+03	4.999687E+03	1.000722E+01	1.538852E-05	1.227313E+03	2.139541E-12 
1.860723E+06	7.930737E+10	2.347117E+03	5.002573E+03	1.000856E+01	1.535858E-05	1.227224E+03	2.135128E-12 
1.866328E+06	7.958803E+10	2.348694E+03	5.005455E+03	1.000994E+01	1.532886E-05	1.227136E+03	2.130748E-12 
1.871932E+06	7.986889E+10	2.350270E+03	5.008336E+03	1.001132E+01	1.529914E-05	1.227047E+03	2.126368E-12 
1.877537E+06	8.014995E+10	2.351844E+03	5.011214E+03	1.001274E+01	1.526966E-05	1.226959E+03	2.122020E-12 
1.883141E+06	8.043122E+10	2.353416E+03	5.014090E+03	1.001417E+01	1.524021E-05	1.226871E+03	2.117677E-12 
1.888746E+06	8.071269E+10	2.354987E+03	5.016965E+03	1.001563E+01	1.521090E-05	1.226784E+03	2.113355E-12 
1.894350E+06	8.099436E+10	2.356556E+03	5.019837E+03	1.001710E+01	1.518171E-05	1.226697E+03	2.109049E-12 
1.899955E+06	8.127623E+10	2.358123E+03	5.022708E+03	1.001859E+01	1.515259E-05	1.226610E+03	2.104752E-12 
1.905560E+06	8.155831E+10	2.359689E+03	5.025575E+03	1.002012E+01	1.512366E-05	1.226524E+03	2.100483E-12 
1.911164E+06	8.184059E+10	2.361254E+03	5.028442E+03	1.002165E+01	1.509473E-05	1.226438E+03	2.096215E-12 
1.916769E+06	8.212308E+10	2.362816E+03	5.031306E+03	1.002323E+01	1.506604E-05	1.226352E+03	2.091979E-12 
1.922373E+06	8.240577E+10	2.364378E+03	5.034169E+03	1.002480E+01	1.503737E-05	1.226267E+03	2.087746E-12 
1.927978E+06	8.268866E+10	2.365937E+03	5.037029E+03	1.002642E+01	1.500885E-05	1.226181E+03	2.083536E-12 
1.933582E+06	8.297176E+10	2.367496E+03	5.039887E+03	1.002805E+01	1.498043E-05	1.226097E+03	2.079338E-12 
1.939187E+06	8.325507E+10	2.369052E+03	5.042743E+03	1.002969E+01	1.495209E-05	1.226012E+03	2.075152E-12 
1.944792E+06	8.353859E+10	2.370607E+03	5.045597E+03	1.003138E+01	1.492392E-05	1.225928E+03	2.070990E-12 
1.950396E+06	8.382231E+10	2.372161E+03	5.048450E+03	1.003306E+01	1.489575E-05	1.225844E+03	2.066829E-12 
1.956001E+06	8.410625E+10	2.373713E+03	5.051300E+03	1.003480E+01	1.486782E-05	1.225761E+03	2.062701E-12 
1.961606E+06	8.439039E+10	2.375264E+03	5.054149E+03	1.003653E+01	1.483988E-05	1.225677E+03	2.058572E-12 
1.967210E+06	8.467474E+10	2.376813E+03	5.056996E+03	1.003831E+01	1.481213E-05	1.225594E+03	2.054470E-12 
1.972815E+06	8.495930E+10	2.378361E+03	5.059841E+03	1.004010E+01	1.478443E-05	1.225512E+03	2.050375E-12 
1.978419E+06	8.524408E+10	2.379907E+03	5.062684E+03	1.004192E+01	1.475685E-05	1.225429E+03	2.046296E-12 
1.984024E+06	8.552906E+10	2.381452E+03	5.065525E+03	1.004376E+01	1.472939E-05	1.225347E+03	2.042235E-12 
1.989628E+06	8.581426E+10	2.382995E+03	5.068364E+03	1.004562E+01	1.470197E-05	1.225265E+03	2.038180E-12 
1.995233E+06	8.609967E+10	2.384537E+03	5.071201E+03	1.004752E+01	1.467474E-05	1.225184E+03	2.034152E-12 
2.000838E+06	8.638529E+10	2.386078E+03	5.074037E+03	1.004942E+01	1.464751E-05	1.225103E+03	2.030124E-12 
2.006442E+06	8.667113E+10	2.387617E+03	5.076871E+03	1.005137E+01	1.462049E-05	1.225022E+03	2.026125E-12 
2.012047E+06	8.695718E+10	2.389155E+03	5.079703E+03	1.005332E+01	1.459348E-05	1.224941E+03	2.022129E-12 
2.017651E+06	8.724345E+10	2.390691E+03	5.082533E+03	1.005532E+01	1.456662E-05	1.224861E+03	2.018153E-12 
2.023256E+06	8.752993E+10	2.392226E+03	5.085362E+03	1.005733E+01	1.453984E-05	1.224781E+03	2.014188E-12 
2.028860E+06	8.781664E+10	2.393759E+03	5.088189E+03	1.005936E+01	1.451315E-05	1.224701E+03	2.010235E-12 
2.034465E+06	8.810355E+10	2.395292E+03	5.091013E+03	1.006143E+01	1.448659E-05	1.224622E+03	2.006303E-12 
2.040070E+06	8.839069E+10	2.396822E+03	5.093837E+03	1.006351E+01	1.446005E-05	1.224543E+03	2.002373E-12 
2.045674E+06	8.867805E+10	2.398352E+03	5.096658E+03	1.006564E+01	1.443371E-05	1.224464E+03	1.998470E-12 
2.051279E+06	8.896562E+10	2.399880E+03	5.099479E+03	1.006777E+01	1.440736E-05	1.224385E+03	1.994568E-12 
2.056884E+06	8.925342E+10	2.401407E+03	5.102296E+03	1.006995E+01	1.438120E-05	1.224307E+03	1.990691E-12 
2.062488E+06	8.954144E+10	2.402932E+03	5.105113E+03	1.007213E+01	1.435507E-05	1.224229E+03	1.986820E-12 
2.068092E+06	8.982968E+10	2.404456E+03	5.107928E+03	1.007436E+01	1.432906E-05	1.224151E+03	1.982965E-12 
2.073697E+06	9.011814E+10	2.405979E+03	5.110741E+03	1.007661E+01	1.430314E-05	1.224073E+03	1.979123E-12 
2.079302E+06	9.040683E+10	2.407500E+03	5.113553E+03	1.007888E+01	1.427729E-05	1.223996E+03	1.975291E-12 
2.084906E+06	9.069574E+10	2.409020E+03	5.116363E+03	1.008119E+01	1.425157E-05	1.223919E+03	1.971478E-12 
2.090511E+06	9.098487E+10	2.410539E+03	5.119172E+03	1.008350E+01	1.422588E-05	1.223842E+03	1.967668E-12 
2.096116E+06	9.127423E+10	2.412056E+03	5.121978E+03	1.008587E+01	1.420037E-05	1.223766E+03	1.963884E-12 
2.101720E+06	9.156382E+10	2.413573E+03	5.124783E+03	1.008824E+01	1.417486E-05	1.223689E+03	1.960101E-12 
2.107325E+06	9.185363E+10	2.415088E+03	5.127587E+03	1.009067E+01	1.414951E-05	1.223614E+03	1.956341E-12 
2.112929E+06	9.214368E+10	2.416601E+03	5.130389E+03	1.009310E+01	1.412420E-05	1.223538E+03	1.952586E-12 
2.118534E+06	9.243396E+10	2.418114E+03	5.134247E+03	1.009557E+01	1.409900E-05	1.223462E+03	1.948847E-12 
2.124138E+06	9.272449E+10	2.419625E+03	5.135989E+03	1.009807E+01	1.407389E-05	1.223387E+03	1.945121E-12 
2.129743E+06	9.301522E+10	2.421135E+03	5.138786E+03	1.010059E+01	1.404884E-05	1.223312E+03	1.941403E-12 
2.135348E+06	9.330619E+10	2.422644E+03	5.141582E+03	1.010315E+01	1.402392E-05	1.223238E+03	1.937704E-12 
2.140952E+06	9.359738E+10	2.424151E+03	5.144377E+03	1.010572E+01	1.399902E-05	1.223163E+03	1.934008E-12 
2.146557E+06	9.388881E+10	2.425657E+03	5.147170E+03	1.010835E+01	1.397430E-05	1.223089E+03	1.930336E-12 
2.152162E+06	9.418047E+10	2.427162E+03	5.149962E+03	1.011098E+01	1.394957E-05	1.223015E+03	1.926664E-12 
2.157766E+06	9.447236E+10	2.428666E+03	5.153072E+03	1.011366E+01	1.392500E-05	1.222941E+03	1.923016E-12 
2.163370E+06	9.476454E+10	2.430169E+03	5.155541E+03	1.011636E+01	1.390046E-05	1.222868E+03	1.919371E-12 
2.168975E+06	9.505691E+10	2.431670E+03	5.158328E+03	1.011909E+01	1.387604E-05	1.222794E+03	1.915743E-12 
2.174580E+06	9.534951E+10	2.433171E+03	5.161114E+03	1.012185E+01	1.385168E-05	1.222721E+03	1.912125E-12 
2.180184E+06	9.564235E+10	2.434670E+03	5.163899E+03	1.012464E+01	1.382741E-05	1.222649E+03	1.908518E-12 
2.185789E+06	9.593544E+10	2.436168E+03	5.166682E+03	1.012747E+01	1.380323E-05	1.222576E+03	1.904925E-12 
2.191394E+06	9.622876E+10	2.437665E+03	5.169464E+03	1.013031E+01	1.377909E-05	1.222504E+03	1.901338E-12 
2.196998E+06	9.652232E+10	2.439160E+03	5.172244E+03	1.013321E+01	1.375510E-05	1.222432E+03	1.897772E-12 
2.202603E+06	9.681612E+10	2.440655E+03	5.175024E+03	1.013611E+01	1.373111E-05	1.222360E+03	1.894206E-12 
2.208207E+06	9.711018E+10	2.442148E+03	5.177801E+03	1.013907E+01	1.370728E-05	1.222289E+03	1.890664E-12 
2.213812E+06	9.740446E+10	2.443640E+03	5.180578E+03	1.014204E+01	1.368347E-05	1.222217E+03	1.887122E-12 
2.219416E+06	9.769900E+10	2.445132E+03	5.183353E+03	1.014506E+01	1.365978E-05	1.222146E+03	1.883601E-12 
2.225021E+06	9.799378E+10	2.446622E+03	5.186127E+03	1.014810E+01	1.363614E-05	1.222075E+03	1.880084E-12 
2.230626E+06	9.828881E+10	2.448111E+03	5.188900E+03	1.015118E+01	1.361259E-05	1.222005E+03	1.876582E-12 
2.236230E+06	9.858408E+10	2.449598E+03	5.191671E+03	1.015429E+01	1.358912E-05	1.221934E+03	1.873090E-12 
2.241835E+06	9.887960E+10	2.451085E+03	5.194442E+03	1.015742E+01	1.356571E-05	1.221864E+03	1.869608E-12 
2.247440E+06	9.917538E+10	2.452571E+03	5.197211E+03	1.016061E+01	1.354240E-05	1.221794E+03	1.866140E-12 
2.253044E+06	9.947140E+10	2.454056E+03	5.199979E+03	1.016380E+01	1.351913E-05	1.221724E+03	1.862676E-12 
2.258648E+06	9.976768E+10	2.455539E+03	5.202745E+03	1.016705E+01	1.349599E-05	1.221655E+03	1.859233E-12 
2.264253E+06	1.000642E+11	2.457022E+03	5.205511E+03	1.017031E+01	1.347285E-05	1.221585E+03	1.855789E-12 
2.269858E+06	1.003610E+11	2.458503E+03	5.208275E+03	1.017363E+01	1.344987E-05	1.221516E+03	1.852369E-12 
2.275462E+06	1.006580E+11	2.459984E+03	5.211039E+03	1.017696E+01	1.342689E-05	1.221447E+03	1.848948E-12 
2.281067E+06	1.009553E+11	2.461463E+03	5.213800E+03	1.018035E+01	1.340405E-05	1.221379E+03	1.845546E-12 
2.286672E+06	1.012529E+11	2.462942E+03	5.216562E+03	1.018376E+01	1.338123E-05	1.221310E+03	1.842150E-12 
2.292276E+06	1.015507E+11	2.464419E+03	5.219321E+03	1.018721E+01	1.335851E-05	1.221242E+03	1.838766E-12 
2.297881E+06	1.018487E+11	2.465896E+03	5.222080E+03	1.019069E+01	1.333586E-05	1.221174E+03	1.835392E-12 
2.303485E+06	1.021470E+11	2.467371E+03	5.224838E+03	1.019420E+01	1.331327E-05	1.221106E+03	1.832027E-12 
2.309090E+06	1.024456E+11	2.468845E+03	5.227594E+03	1.019776E+01	1.329077E-05	1.221038E+03	1.828676E-12 
2.314694E+06	1.027445E+11	2.470319E+03	5.230350E+03	1.020133E+01	1.326830E-05	1.220971E+03	1.825329E-12 
2.320299E+06	1.030436E+11	2.471791E+03	5.233104E+03	1.020497E+01	1.324596E-05	1.220904E+03	1.822000E-12 
2.325904E+06	1.033429E+11	2.473263E+03	5.235858E+03	1.020861E+01	1.322362E-05	1.220837E+03	1.818672E-12 
2.331508E+06	1.036426E+11	2.474733E+03	5.238610E+03	1.021232E+01	1.320143E-05	1.220770E+03	1.815365E-12 
2.337113E+06	1.039425E+11	2.476203E+03	5.241362E+03	1.021604E+01	1.317923E-05	1.220703E+03	1.812057E-12 
2.342717E+06	1.042427E+11	2.477672E+03	5.244113E+03	1.021982E+01	1.315717E-05	1.220637E+03	1.808769E-12 
2.348322E+06	1.045431E+11	2.479139E+03	5.246862E+03	1.022362E+01	1.313513E-05	1.220571E+03	1.805483E-12 
2.353926E+06	1.048438E+11	2.480606E+03	5.249611E+03	1.022747E+01	1.311319E-05	1.220505E+03	1.802212E-12 
2.359531E+06	1.051448E+11	2.482072E+03	5.252359E+03	1.023135E+01	1.309129E-05	1.220439E+03	1.798947E-12 
2.365136E+06	1.054460E+11	2.483537E+03	5.255106E+03	1.023527E+01	1.306948E-05	1.220373E+03	1.795694E-12 
2.370740E+06	1.057476E+11	2.485001E+03	5.257852E+03	1.023923E+01	1.304772E-05	1.220308E+03	1.792451E-12 
2.376345E+06	1.060494E+11	2.486464E+03	5.260597E+03	1.024322E+01	1.302603E-05	1.220242E+03	1.789215E-12 
2.381950E+06	1.063514E+11	2.487927E+03	5.263341E+03	1.024726E+01	1.300442E-05	1.220177E+03	1.785992E-12 
2.387554E+06	1.066538E+11	2.489388E+03	5.266085E+03	1.025132E+01	1.298284E-05	1.220112E+03	1.782774E-12 
2.393159E+06	1.069564E+11	2.490849E+03	5.268827E+03	1.025545E+01	1.296137E-05	1.220048E+03	1.779571E-12 
2.398763E+06	1.072593E+11	2.492308E+03	5.271569E+03	1.025958E+01	1.293992E-05	1.219983E+03	1.776370E-12 
2.404368E+06	1.075625E+11	2.493767E+03	5.274309E+03	1.026379E+01	1.291859E-05	1.219919E+03	1.773187E-12 
2.409972E+06	1.078660E+11	2.495225E+03	5.277050E+03	1.026801E+01	1.289726E-05	1.219855E+03	1.770004E-12 
2.415577E+06	1.081697E+11	2.496682E+03	5.279789E+03	1.027230E+01	1.287606E-05	1.219791E+03	1.766840E-12 
2.421182E+06	1.084738E+11	2.498138E+03	5.282528E+03	1.027660E+01	1.285486E-05	1.219727E+03	1.763677E-12 
2.426786E+06	1.087781E+11	2.499594E+03	5.285265E+03	1.028096E+01	1.283378E-05	1.219664E+03	1.760530E-12 
2.432391E+06	1.090827E+11	2.501049E+03	5.288003E+03	1.028535E+01	1.281272E-05	1.219600E+03	1.757386E-12 
2.437995E+06	1.093876E+11	2.502502E+03	5.290739E+03	1.028979E+01	1.279174E-05	1.219537E+03	1.754256E-12 
2.443600E+06	1.096928E+11	2.503956E+03	5.293475E+03	1.029427E+01	1.277082E-05	1.219474E+03	1.751131E-12 
2.449204E+06	1.099983E+11	2.505408E+03	5.296210E+03	1.029879E+01	1.274996E-05	1.219411E+03	1.748017E-12 
2.454809E+06	1.103041E+11	2.506859E+03	5.298944E+03	1.030335E+01	1.272916E-05	1.219349E+03	1.744912E-12 
2.460414E+06	1.106101E+11	2.508310E+03	5.301678E+03	1.030795E+01	1.270842E-05	1.219286E+03	1.741814E-12 
2.466018E+06	1.109165E+11	2.509760E+03	5.304411E+03	1.031261E+01	1.268775E-05	1.219224E+03	1.738727E-12 
2.471623E+06	1.112231E+11	2.511209E+03	5.307144E+03	1.031729E+01	1.266712E-05	1.219162E+03	1.735645E-12 
2.477228E+06	1.115301E+11	2.512658E+03	5.309875E+03	1.032203E+01	1.264657E-05	1.219100E+03	1.732577E-12 
2.482832E+06	1.118374E+11	2.514106E+03	5.312607E+03	1.032679E+01	1.262605E-05	1.219038E+03	1.729511E-12 
2.488436E+06	1.121449E+11	2.515553E+03	5.315338E+03	1.033163E+01	1.260564E-05	1.218977E+03	1.726460E-12 
2.494041E+06	1.124528E+11	2.516999E+03	5.318068E+03	1.033648E+01	1.258522E-05	1.218915E+03	1.723411E-12 
2.499646E+06	1.127609E+11	2.518444E+03	5.320798E+03	1.034141E+01	1.256493E-05	1.218854E+03	1.720378E-12 
2.505250E+06	1.130694E+11	2.519889E+03	5.323527E+03	1.034634E+01	1.254463E-05	1.218793E+03	1.717345E-12 
2.510855E+06	1.133782E+11	2.521333E+03	5.326256E+03	1.035136E+01	1.252445E-05	1.218732E+03	1.714329E-12 
2.516460E+06	1.136872E+11	2.522777E+03	5.328984E+03	1.035639E+01	1.250428E-05	1.218671E+03	1.711314E-12 
2.522064E+06	1.139966E+11	2.524219E+03	5.331712E+03	1.036150E+01	1.248420E-05	1.218610E+03	1.708313E-12 
2.527669E+06	1.143063E+11	2.525661E+03	5.334440E+03	1.036662E+01	1.246415E-05	1.218550E+03	1.705315E-12 
2.533273E+06	1.146163E+11	2.527103E+03	5.337167E+03	1.037182E+01	1.244418E-05	1.218490E+03	1.702330E-12 
2.538878E+06	1.149267E+11	2.528544E+03	5.339894E+03	1.037704E+01	1.242424E-05	1.218429E+03	1.699349E-12 
2.544482E+06	1.152373E+11	2.529984E+03	5.342620E+03	1.038232E+01	1.240437E-05	1.218369E+03	1.696379E-12 
2.550087E+06	1.155483E+11	2.531423E+03	5.345346E+03	1.038764E+01	1.238455E-05	1.218310E+03	1.693415E-12 
2.555692E+06	1.158595E+11	2.532862E+03	5.348072E+03	1.039302E+01	1.236479E-05	1.218250E+03	1.690460E-12 
2.561296E+06	1.161711E+11	2.534300E+03	5.350797E+03	1.039844E+01	1.234508E-05	1.218191E+03	1.687512E-12 
2.566901E+06	1.164831E+11	2.535737E+03	5.353522E+03	1.040391E+01	1.232542E-05	1.218131E+03	1.684572E-12 
2.572506E+06	1.167953E+11	2.537174E+03	5.356246E+03	1.040942E+01	1.230582E-05	1.218072E+03	1.681641E-12 
2.578110E+06	1.171079E+11	2.538611E+03	5.358971E+03	1.041498E+01	1.228627E-05	1.218013E+03	1.678716E-12 
2.583714E+06	1.174208E+11	2.540046E+03	5.361694E+03	1.042060E+01	1.226678E-05	1.217954E+03	1.675801E-12 
2.589319E+06	1.177340E+11	2.541482E+03	5.364418E+03	1.042626E+01	1.224733E-05	1.217895E+03	1.672891E-12 
2.594924E+06	1.180475E+11	2.542916E+03	5.367141E+03	1.043198E+01	1.222795E-05	1.217837E+03	1.669992E-12 
2.600528E+06	1.183614E+11	2.544350E+03	5.369864E+03	1.043773E+01	1.220860E-05	1.217778E+03	1.667096E-12 
2.606133E+06	1.186756E+11	2.545783E+03	5.372586E+03	1.044356E+01	1.218934E-05	1.217720E+03	1.664213E-12 
2.611738E+06	1.189902E+11	2.547216E+03	5.375309E+03	1.044940E+01	1.217009E-05	1.217662E+03	1.661333E-12 
2.617342E+06	1.193051E+11	2.548649E+03	5.378031E+03	1.045534E+01	1.215093E-05	1.217604E+03	1.658465E-12 
2.622947E+06	1.196203E+11	2.550080E+03	5.380753E+03	1.046129E+01	1.213177E-05	1.217546E+03	1.655599E-12 
2.628551E+06	1.199359E+11	2.551512E+03	5.383476E+03	1.046734E+01	1.211271E-05	1.217489E+03	1.652745E-12 
2.634156E+06	1.202518E+11	2.552942E+03	5.386550E+03	1.047339E+01	1.211406E-05	1.217580E+03	1.650638E-12 
2.639760E+06	1.205682E+11	2.554387E+03	5.396951E+03	1.047950E+01	1.253621E-05	1.220751E+03	1.663902E-12 
2.645365E+06	1.208854E+11	2.555879E+03	5.407414E+03	1.048561E+01	1.296618E-05	1.223979E+03	1.677472E-12 
2.650970E+06	1.212035E+11	2.557431E+03	5.424369E+03	1.049173E+01	1.377934E-05	1.230079E+03	1.706005E-12 
2.656574E+06	1.215227E+11	2.559072E+03	5.441146E+03	1.049785E+01	1.460223E-05	1.236251E+03	1.734919E-12 
2.662179E+06	1.218430E+11	2.560781E+03	5.445089E+03	1.050401E+01	1.461449E-05	1.236434E+03	1.733244E-12 
2.667784E+06	1.221636E+11	2.562493E+03	5.447990E+03	1.051016E+01	1.459072E-05	1.236350E+03	1.730210E-12 
2.673388E+06	1.224846E+11	2.564205E+03	5.450890E+03	1.051640E+01	1.456708E-05	1.236266E+03	1.727191E-12 
2.678992E+06	1.228060E+11	2.565917E+03	5.453791E+03	1.052265E+01	1.454344E-05	1.236183E+03	1.724173E-12 
2.684597E+06	1.231277E+11	2.567627E+03	5.456691E+03	1.052901E+01	1.451992E-05	1.236100E+03	1.721170E-12 
2.690202E+06	1.234498E+11	2.569338E+03	5.459592E+03	1.053538E+01	1.449641E-05	1.236017E+03	1.718168E-12 
2.695806E+06	1.237723E+11	2.571048E+03	5.462492E+03	1.054185E+01	1.447301E-05	1.235935E+03	1.715180E-12 
2.701411E+06	1.240951E+11	2.572757E+03	5.465393E+03	1.054834E+01	1.444962E-05	1.235852E+03	1.712194E-12 
2.707016E+06	1.244183E+11	2.574466E+03	5.468294E+03	1.055493E+01	1.442635E-05	1.235770E+03	1.709221E-12 
2.712620E+06	1.247419E+11	2.576175E+03	5.471196E+03	1.056153E+01	1.440308E-05	1.235688E+03	1.706250E-12 
2.718225E+06	1.250658E+11	2.577883E+03	5.474099E+03	1.056822E+01	1.437992E-05	1.235606E+03	1.703292E-12 
2.723829E+06	1.253902E+11	2.579591E+03	5.477002E+03	1.057493E+01	1.435677E-05	1.235524E+03	1.700335E-12 
2.729434E+06	1.257149E+11	2.581299E+03	5.479905E+03	1.058173E+01	1.433372E-05	1.235443E+03	1.697391E-12 
2.735038E+06	1.260400E+11	2.583006E+03	5.482809E+03	1.058855E+01	1.431069E-05	1.235361E+03	1.694449E-12 
2.740643E+06	1.263654E+11	2.584713E+03	5.485714E+03	1.059546E+01	1.428776E-05	1.235280E+03	1.691520E-12 
2.746248E+06	1.266913E+11	2.586420E+03	5.488619E+03	1.060240E+01	1.426484E-05	1.235199E+03	1.688592E-12 
2.751852E+06	1.270175E+11	2.588126E+03	5.491525E+03	1.060944E+01	1.424202E-05	1.235119E+03	1.685676E-12 
2.757457E+06	1.273442E+11	2.589832E+03	5.494431E+03	1.061649E+01	1.421921E-05	1.235038E+03	1.682763E-12 
2.763062E+06	1.276712E+11	2.591537E+03	5.497338E+03	1.062365E+01	1.419651E-05	1.234958E+03	1.679862E-12 
2.768666E+06	1.279986E+11	2.593243E+03	5.500245E+03	1.063083E+01	1.417382E-05	1.234877E+03	1.676963E-12 
2.774270E+06	1.283264E+11	2.594948E+03	5.503154E+03	1.063811E+01	1.415123E-05	1.234797E+03	1.674076E-12 
2.779875E+06	1.286546E+11	2.596652E+03	5.506062E+03	1.064540E+01	1.412865E-05	1.234718E+03	1.671191E-12 
2.785480E+06	1.289832E+11	2.598357E+03	5.508972E+03	1.065280E+01	1.410617E-05	1.234638E+03	1.668318E-12 
2.791084E+06	1.293122E+11	2.600061E+03	5.511881E+03	1.066021E+01	1.408370E-05	1.234559E+03	1.665446E-12 
2.796689E+06	1.296416E+11	2.601765E+03	5.514792E+03	1.066774E+01	1.406133E-05	1.234479E+03	1.662587E-12 
2.802294E+06	1.299715E+11	2.603469E+03	5.517704E+03	1.067527E+01	1.403896E-05	1.234400E+03	1.659729E-12 
