# This is an exemplary isentrope for a harzburgitic mantle composition, using the
# Birch-Murnaghan equation of state, and computed by the BurnMan software. Other compositions, equations of
# state, and software packages are supported as well, as long as the their results are in the format
# below.
#
# POINTS: 501 
# depth (m), pressure (Pa), temperature (K), density (kg/m^3), gravity (m/s^2), thermal expansivity (1/K), specific heat (J/K/kg), compressibility (1/Pa)
depth                   pressure                temperature             density                 gravity                 thermal_expansivity     specific_heat           compressibility
0.0000000000E+00	1.4465307034E+03	1.6000000243E+03	3.2055371969E+03	9.8100004375E+00	4.2555362572E-05	1.2634520171E+03	1.0181850339E-11
5.6045000000E+03	1.7639902860E+08	1.6029572050E+03	3.2110265498E+03	9.8121812661E+00	4.2109092826E-05	1.2623274497E+03	1.0098608498E-11
1.1209250000E+04	3.5313966759E+08	1.6058921778E+03	3.2187514165E+03	9.8143625735E+00	4.1662799535E-05	1.2612028320E+03	1.0015362944E-11
1.6813750000E+04	5.3020502741E+08	1.6088044369E+03	3.2240625049E+03	9.8165439741E+00	4.1216529789E-05	1.2600782157E+03	9.9321211025E-12
2.2418250000E+04	7.0766606574E+08	1.6116939916E+03	3.2269858734E+03	9.8187175549E+00	4.0781000518E-05	1.2589833837E+03	9.8506182740E-12
2.8023000000E+04	8.8539839148E+08	1.6145618238E+03	3.2347329163E+03	9.8208771180E+00	4.0366193393E-05	1.2579461465E+03	9.7724686183E-12
3.3627500000E+04	1.0634564387E+09	1.6174080197E+03	3.2398804966E+03	9.8230367751E+00	3.9951404771E-05	1.2569088335E+03	9.6943233155E-12
3.9232000000E+04	1.2419053260E+09	1.6202328294E+03	3.2428564810E+03	9.8251964323E+00	3.9536618332E-05	1.2558715206E+03	9.6161776660E-12
4.4836750000E+04	1.4206251721E+09	1.6230364753E+03	3.2503459618E+03	9.8273420712E+00	3.9141604491E-05	1.2548887525E+03	9.5412650851E-12
5.0441250000E+04	1.5996606513E+09	1.6258198058E+03	3.2555261932E+03	9.8294820832E+00	3.8754840240E-05	1.2539285380E+03	9.4677012894E-12
5.6045750000E+04	1.7790877760E+09	1.6285829711E+03	3.2582650142E+03	9.8316220952E+00	3.8368075988E-05	1.2529683966E+03	9.3941374936E-12
6.1650500000E+04	1.9587815771E+09	1.6313257997E+03	3.2659003679E+03	9.8337601042E+00	3.7983663930E-05	1.2520147077E+03	9.3209618351E-12
6.7255000000E+04	2.1387938592E+09	1.6340487065E+03	3.2709275891E+03	9.8358827594E+00	3.7621972966E-05	1.2511231444E+03	9.2515380662E-12
7.2859500000E+04	2.3191862161E+09	1.6367526685E+03	3.2738435634E+03	9.8380044610E+00	3.7260285641E-05	1.2502315567E+03	9.1821139502E-12
7.8464250000E+04	2.4998438573E+09	1.6394376587E+03	3.2812856139E+03	9.8401272111E+00	3.6898578543E-05	1.2493398804E+03	9.1126872580E-12
8.4068750000E+04	2.6808160483E+09	1.6421031445E+03	3.2863034559E+03	9.8422412833E+00	3.6548270774E-05	1.2484791275E+03	9.0451597082E-12
8.9673250000E+04	2.8621729978E+09	1.6447501739E+03	3.2890988168E+03	9.8443473450E+00	3.6209126197E-05	1.2476487449E+03	8.9794919042E-12
9.5278000000E+04	3.0437877991E+09	1.6473792786E+03	3.2941228759E+03	9.8464535005E+00	3.5869964310E-05	1.2468182520E+03	8.9138211708E-12
1.0088250000E+05	3.2256479880E+09	1.6499902243E+03	3.3013819962E+03	9.8485601343E+00	3.5530818278E-05	1.2459878938E+03	8.8481533667E-12
1.0648700000E+05	3.4079529409E+09	1.6525830064E+03	3.3041165528E+03	9.8506524633E+00	3.5210743591E-05	1.2452088285E+03	8.7856917857E-12
1.1209175000E+05	3.5905169658E+09	1.6551587162E+03	3.3091177133E+03	9.8527450764E+00	3.4891935332E-05	1.2444333421E+03	8.7234432408E-12
1.1769625000E+05	3.7733242364E+09	1.6577169040E+03	3.3162906970E+03	9.8548366424E+00	3.4573141292E-05	1.2436577682E+03	8.6611976459E-12
1.2330075000E+05	3.9565084338E+09	1.6602577827E+03	3.3190497591E+03	9.8569236312E+00	3.4261543507E-05	1.2429014560E+03	8.6001718418E-12
1.2890550000E+05	4.1400089317E+09	1.6627821482E+03	3.3240774957E+03	9.8590030830E+00	3.3961186158E-05	1.2421753362E+03	8.5410514411E-12
1.3451000000E+05	4.3237528412E+09	1.6652899949E+03	3.3312036821E+03	9.8610820606E+00	3.3660842933E-05	1.2414492489E+03	8.4819343715E-12
1.4011475000E+05	4.5078812783E+09	1.6677814246E+03	3.3338031569E+03	9.8631611311E+00	3.3360484855E-05	1.2407231292E+03	8.4228141444E-12
1.4571925000E+05	4.6923091115E+09	1.6702562395E+03	3.3388646624E+03	9.8652301905E+00	3.3074628883E-05	1.2400355674E+03	8.3661737557E-12
1.5132375000E+05	4.8769881220E+09	1.6727155031E+03	3.3457752739E+03	9.8672977242E+00	3.2791068121E-05	1.2393541816E+03	8.3099258742E-12
1.5692850000E+05	5.0620423827E+09	1.6751591532E+03	3.3484810098E+03	9.8693651597E+00	3.2507496165E-05	1.2386727409E+03	8.2536753101E-12
1.6253300000E+05	5.2473948746E+09	1.6775869717E+03	3.3534624023E+03	9.8714290693E+00	3.2229390245E-05	1.2380058326E+03	8.1983676582E-12
1.6813750000E+05	5.4329961859E+09	1.6799993610E+03	3.3604189066E+03	9.8734864944E+00	3.1961145863E-05	1.2373649979E+03	8.1447598112E-12
1.7374225000E+05	5.6189754543E+09	1.6823969648E+03	3.3630199444E+03	9.8755432483E+00	3.1692892426E-05	1.2367241345E+03	8.0911502668E-12
1.7934675000E+05	5.8052456388E+09	1.6847794472E+03	3.3680052265E+03	9.8776004824E+00	3.1424650955E-05	1.2360832997E+03	8.0375425934E-12
1.8495125000E+05	5.9917648513E+09	1.6871469886E+03	3.3748131034E+03	9.8796493245E+00	3.1168581965E-05	1.2354744713E+03	7.9860493405E-12
1.9055600000E+05	6.1786571408E+09	1.6895003285E+03	3.3773742423E+03	9.8816973043E+00	3.0914350433E-05	1.2348706208E+03	7.9348755921E-12
1.9616050000E+05	6.3658397978E+09	1.6918391104E+03	3.3823193348E+03	9.8837451927E+00	3.0660132425E-05	1.2342667239E+03	7.8837041265E-12
2.0176500000E+05	6.5532713780E+09	1.6941634152E+03	3.3890436101E+03	9.8857890758E+00	3.0411048855E-05	1.2336762298E+03	7.8334308646E-12
2.0736975000E+05	6.7410711642E+09	1.6964739561E+03	3.3916725833E+03	9.8878288536E+00	3.0169695415E-05	1.2331060960E+03	7.7845107611E-12
2.1297425000E+05	6.9291581003E+09	1.6987707708E+03	3.3965501953E+03	9.8898683499E+00	2.9928352377E-05	1.2325358656E+03	7.7355921459E-12
2.1857875000E+05	7.1174917096E+09	1.7010536212E+03	3.4032666278E+03	9.8919074646E+00	2.9687008976E-05	1.2319657573E+03	7.6866742243E-12
2.2418350000E+05	7.3061944833E+09	1.7033229011E+03	3.4057857253E+03	9.8939390408E+00	2.9456888291E-05	1.2314247987E+03	7.6397338105E-12
2.2978800000E+05	7.4951815000E+09	1.7055789696E+03	3.4106884695E+03	9.8959712892E+00	2.9227397240E-05	1.2308855248E+03	7.5929048106E-12
2.3539250000E+05	7.6844137567E+09	1.7078218303E+03	3.4172423669E+03	9.8980025840E+00	2.8997906189E-05	1.2303462510E+03	7.5460763313E-12
2.4099725000E+05	7.8740100981E+09	1.7100515095E+03	3.4198104915E+03	9.9000305360E+00	2.8774029680E-05	1.2298216018E+03	7.5002439404E-12
2.4660175000E+05	8.0638902337E+09	1.7122683207E+03	3.4246523438E+03	9.9020549644E+00	2.8555476770E-05	1.2293106478E+03	7.4553569332E-12
2.5220625000E+05	8.2540133539E+09	1.7144723638E+03	3.4311891062E+03	9.9040793927E+00	2.8336923860E-05	1.2287998159E+03	7.4104699262E-12
2.5781100000E+05	8.4445006032E+09	1.7166639071E+03	3.4337408135E+03	9.9061039114E+00	2.8119355169E-05	1.2282913784E+03	7.3657587387E-12
2.6341550000E+05	8.6352673031E+09	1.7188427551E+03	3.4385417453E+03	9.9081226178E+00	2.7910919321E-05	1.2278065715E+03	7.3226796322E-12
2.6902025000E+05	8.8262851057E+09	1.7210095905E+03	3.4449809021E+03	9.9101423680E+00	2.7702473811E-05	1.2273217673E+03	7.2795992982E-12
2.7462475000E+05	9.0176464386E+09	1.7231640002E+03	3.4475019765E+03	9.9121610744E+00	2.7494037235E-05	1.2268370093E+03	7.2365205386E-12
2.8022925000E+05	9.2092948904E+09	1.7253063742E+03	3.4522953893E+03	9.9141788273E+00	2.7292160929E-05	1.2263690234E+03	7.1946225010E-12
2.8583400000E+05	9.4011939742E+09	1.7274369048E+03	3.4586260585E+03	9.9161947626E+00	2.7093097312E-05	1.2259083899E+03	7.1532301886E-12
2.9143850000E+05	9.5934322450E+09	1.7295556461E+03	3.4611751119E+03	9.9182115617E+00	2.6894040755E-05	1.2254476548E+03	7.1118397225E-12
2.9704300000E+05	9.7859566120E+09	1.7316626203E+03	3.4659518555E+03	9.9202283608E+00	2.6697748589E-05	1.2249940240E+03	7.0709499646E-12
3.0264775000E+05	9.9787867424E+09	1.7337582134E+03	3.4724842545E+03	9.9222471572E+00	2.6507408371E-05	1.2245555591E+03	7.0311376843E-12
3.0825225000E+05	1.0171905229E+10	1.7358424094E+03	3.4767412187E+03	9.9242649100E+00	2.6317076643E-05	1.2241171870E+03	6.9913276135E-12
3.1385675000E+05	1.0365362855E+10	1.7379152044E+03	3.4795282002E+03	9.9262836164E+00	2.6126780539E-05	1.2236789125E+03	6.9515235222E-12
3.1946150000E+05	1.0559063615E+10	1.7399768855E+03	3.4859668621E+03	9.9283033665E+00	2.5944132974E-05	1.2232601258E+03	6.9131143131E-12
3.2506600000E+05	1.0753050644E+10	1.7420275615E+03	3.4901731848E+03	9.9303239803E+00	2.5761932730E-05	1.2228424076E+03	6.8747865405E-12
3.3067050000E+05	1.0947373536E+10	1.7440673492E+03	3.4929334471E+03	9.9323445941E+00	2.5579732122E-05	1.2224247139E+03	6.8364592015E-12
3.3627525000E+05	1.1141938577E+10	1.7460962169E+03	3.4993464730E+03	9.9343624368E+00	2.5402082961E-05	1.2220185497E+03	6.7989663071E-12
3.4187975000E+05	1.1336789438E+10	1.7481144716E+03	3.5034943600E+03	9.9363773286E+00	2.5227482701E-05	1.2216201916E+03	6.7620338376E-12
3.4748425000E+05	1.1531972886E+10	1.7501222041E+03	3.5062645019E+03	9.9383922203E+00	2.5052884259E-05	1.2212217115E+03	6.7251013681E-12
3.5308900000E+05	1.1727397701E+10	1.7521194547E+03	3.5126241188E+03	9.9404037688E+00	2.4880156029E-05	1.2208280233E+03	6.6885140362E-12
3.5869350000E+05	1.1923106661E+10	1.7541061913E+03	3.5167332082E+03	9.9424043556E+00	2.4712678456E-05	1.2204475849E+03	6.6528969871E-12
3.6429800000E+05	1.2119145544E+10	1.7560828453E+03	3.5194950684E+03	9.9444055147E+00	2.4545202703E-05	1.2200671465E+03	6.6172795042E-12
3.6990275000E+05	1.2315424809E+10	1.7580493576E+03	3.5257961779E+03	9.9464060001E+00	2.4377735858E-05	1.2196867155E+03	6.5816642507E-12
3.7550725000E+05	1.2511986748E+10	1.7600056748E+03	3.5298645874E+03	9.9484348155E+00	2.4216504276E-05	1.2193219264E+03	6.5472072009E-12
3.8111200000E+05	1.2708832507E+10	1.7619522646E+03	3.5323309068E+03	9.9504658196E+00	2.4055669287E-05	1.2189581707E+03	6.5128236352E-12
3.8671650000E+05	1.2905945149E+10	1.7638889287E+03	3.5388723918E+03	9.9524965419E+00	2.3894841837E-05	1.2185943824E+03	6.4784411696E-12
3.9232100000E+05	1.3103427852E+10	1.7658169993E+03	3.5521096715E+03	9.9544772926E+00	2.3876718267E-05	1.2192635384E+03	6.3883865790E-12
3.9792575000E+05	1.3301838534E+10	1.7677476950E+03	3.5691058962E+03	9.9564310466E+00	2.3940677248E-05	1.2205269785E+03	6.2663055089E-12
4.0353025000E+05	1.3501321097E+10	1.7696839932E+03	3.5882638845E+03	9.9583837598E+00	2.4004631558E-05	1.2217902401E+03	6.1442298842E-12
4.0913475000E+05	1.3701852610E+10	1.7716259796E+03	3.6191098270E+03	9.9601594764E+00	2.4232073778E-05	1.2241790774E+03	5.9698034801E-12
4.1473950000E+05	1.3904555816E+10	1.7735931265E+03	3.6648393575E+03	9.9616153979E+00	2.4753746362E-05	1.2285937321E+03	5.7011545726E-12
4.2034400000E+05	1.4109872647E+10	1.7755975393E+03	3.7123292126E+03	9.9630718268E+00	2.5275395676E-05	1.2330083119E+03	5.4325179084E-12
4.2594850000E+05	1.4317823943E+10	1.7776392066E+03	3.7515328297E+03	9.9644651267E+00	2.5675136562E-05	1.2365381153E+03	5.2090486930E-12
4.3155325000E+05	1.4527454092E+10	1.7796977869E+03	3.7556535642E+03	9.9655834376E+00	2.5535846310E-05	1.2361562927E+03	5.1852895767E-12
4.3715775000E+05	1.4737312464E+10	1.7817491954E+03	3.7595337891E+03	9.9667015081E+00	2.5396564090E-05	1.2357744139E+03	5.1615315201E-12
4.4276225000E+05	1.4947365391E+10	1.7837924986E+03	3.7647326474E+03	9.9678239646E+00	2.5257695800E-05	1.2353937799E+03	5.1378356425E-12
4.4836700000E+05	1.5157712776E+10	1.7858280315E+03	3.7669463485E+03	9.9689941571E+00	2.5123219462E-05	1.2350261179E+03	5.1147988859E-12
4.5397150000E+05	1.5368282409E+10	1.7878558563E+03	3.7711003418E+03	9.9701642972E+00	2.4988748758E-05	1.2346583502E+03	5.0917628100E-12
4.5957600000E+05	1.5579054172E+10	1.7898758201E+03	3.7762358554E+03	9.9713344374E+00	2.4854348960E-05	1.2342908997E+03	5.0687377445E-12
4.6518075000E+05	1.5790119401E+10	1.7918882078E+03	3.7784480928E+03	9.9725084446E+00	2.4723907589E-05	1.2339350543E+03	5.0463009546E-12
4.7078525000E+05	1.6001404184E+10	1.7938930594E+03	3.7825888672E+03	9.9736823994E+00	2.4593585571E-05	1.2335795911E+03	5.0238820838E-12
4.7638975000E+05	1.6212892736E+10	1.7958902208E+03	3.7876722245E+03	9.9748573079E+00	2.4463265373E-05	1.2332241279E+03	5.0014632129E-12
4.8199450000E+05	1.6424672737E+10	1.7978800980E+03	3.7898820204E+03	9.9760255931E+00	2.4336579927E-05	1.2328792446E+03	4.9795892655E-12
4.8759900000E+05	1.6636670622E+10	1.7998624890E+03	3.7940080567E+03	9.9771934445E+00	2.4210279269E-05	1.2325355976E+03	4.9577726812E-12
4.9320350000E+05	1.6848870433E+10	1.8018375805E+03	3.7990366076E+03	9.9783614867E+00	2.4083978975E-05	1.2321919506E+03	4.9359563571E-12
4.9880825000E+05	1.7061361315E+10	1.8038053624E+03	3.8012461239E+03	9.9795427416E+00	2.3960829024E-05	1.2318574925E+03	4.9146131645E-12
5.0441275000E+05	1.7274069434E+10	1.8057659764E+03	3.8053586427E+03	9.9807271868E+00	2.3838324538E-05	1.2315250269E+03	4.8933671219E-12
5.1001750000E+05	1.7486987752E+10	1.8077194512E+03	3.8103345862E+03	9.9819109218E+00	2.3715812768E-05	1.2311924245E+03	4.8721201316E-12
5.1562200000E+05	1.7700177148E+10	1.8096657099E+03	3.8125415263E+03	9.9831049038E+00	2.3596138652E-05	1.2308681621E+03	4.8513030028E-12
5.2122650000E+05	1.7913591815E+10	1.8116049864E+03	3.8166387697E+03	9.9843023185E+00	2.3477318653E-05	1.2305463166E+03	4.8306150988E-12
5.2683125000E+05	1.8127218352E+10	1.8135373667E+03	3.8200352293E+03	9.9854997870E+00	2.3358494446E-05	1.2302245054E+03	4.8099262721E-12
5.3243575000E+05	1.8341102418E+10	1.8154604568E+03	3.8281770413E+03	9.9866771745E+00	2.3078879618E-05	1.2293963582E+03	4.7691323773E-12
5.3804025000E+05	1.8555512807E+10	1.8173617945E+03	3.8380869947E+03	9.9878480777E+00	2.2734581197E-05	1.2283645139E+03	4.7202504509E-12
5.4364500000E+05	1.8770511132E+10	1.8192385337E+03	3.8479971461E+03	9.9890184608E+00	2.2390269237E-05	1.2273326235E+03	4.6713663439E-12
5.4924950000E+05	1.8986140890E+10	1.8210873083E+03	3.8646379296E+03	9.9900789281E+00	2.1807848040E-05	1.2254918413E+03	4.5984451567E-12
5.5485400000E+05	1.9202803632E+10	1.8228885500E+03	3.8845386458E+03	9.9910861833E+00	2.1110090909E-05	1.2232591612E+03	4.5138800892E-12
5.6045875000E+05	1.9420611891E+10	1.8246367455E+03	3.9044404938E+03	9.9920940555E+00	2.0412300835E-05	1.2210264547E+03	4.4293115096E-12
5.6606325000E+05	1.9639474165E+10	1.8263354003E+03	3.9163455074E+03	9.9930019378E+00	2.0011210667E-05	1.2197562989E+03	4.3792004762E-12
5.7166775000E+05	1.9858929517E+10	1.8280088363E+03	3.9243605684E+03	9.9938615664E+00	1.9754453389E-05	1.2189543094E+03	4.3458518896E-12
5.7727250000E+05	2.0078861206E+10	1.8296634743E+03	3.9323758893E+03	9.9947210428E+00	1.9497684294E-05	1.2181523085E+03	4.3125019023E-12
5.8287700000E+05	2.0299221766E+10	1.8313007779E+03	3.9372581469E+03	9.9955749494E+00	1.9355286181E-05	1.2177348150E+03	4.2910633720E-12
5.8848150000E+05	2.0519842003E+10	1.8329299030E+03	3.9408348980E+03	9.9964265673E+00	1.9260543771E-05	1.2174775436E+03	4.2745879183E-12
5.9408625000E+05	2.0740731775E+10	1.8345529971E+03	3.9447927245E+03	9.9972782233E+00	1.9165798590E-05	1.2172202607E+03	4.2581121634E-12
5.9969075000E+05	2.0961802158E+10	1.8361699641E+03	3.9493825393E+03	9.9981435740E+00	1.9072920635E-05	1.2169686045E+03	4.2419154783E-12
6.0529525000E+05	2.1183130583E+10	1.8377809987E+03	3.9515313267E+03	9.9990125486E+00	1.8980662562E-05	1.2167187305E+03	4.2258115967E-12
6.1090000000E+05	2.1404676143E+10	1.8393861968E+03	3.9554783202E+03	9.9998815618E+00	1.8888400738E-05	1.2164688209E+03	4.2097070834E-12
6.1650450000E+05	2.1626401466E+10	1.8409853418E+03	3.9600260798E+03	1.0000735278E+01	1.8797935447E-05	1.2162243667E+03	4.1938693063E-12
6.2210900000E+05	2.1848384421E+10	1.8425787986E+03	3.9621794155E+03	1.0001585751E+01	1.8707911787E-05	1.2159812553E+03	4.1780972720E-12
6.2771375000E+05	2.2070581264E+10	1.8441663936E+03	3.9661220214E+03	1.0002435691E+01	1.8617884110E-05	1.2157381330E+03	4.1623245343E-12
6.3331825000E+05	2.2292961117E+10	1.8457481562E+03	3.9706056070E+03	1.0003411094E+01	1.8530313152E-05	1.2155021259E+03	4.1469339622E-12
6.3892300000E+05	2.2515606896E+10	1.8473244471E+03	3.9727363527E+03	1.0004406378E+01	1.8443113722E-05	1.2152672558E+03	4.1316011630E-12
6.4452750000E+05	2.2738449594E+10	1.8488949060E+03	3.9798718714E+03	1.0005401616E+01	1.8355921877E-05	1.2150323575E+03	4.1162692365E-12
6.5013200000E+05	2.2962945804E+10	1.8505133130E+03	4.0885041204E+03	1.0005597495E+01	2.1088209656E-05	1.2299662176E+03	3.9932971353E-12
6.5573675000E+05	2.3193883361E+10	1.8523493528E+03	4.2072838203E+03	1.0005723765E+01	2.4063151432E-05	1.2462055324E+03	3.8610606120E-12
6.6134125000E+05	2.3431537870E+10	1.8544106274E+03	4.3074824427E+03	1.0005755613E+01	2.6697878677E-05	1.2606144033E+03	3.7420472529E-12
6.6694575000E+05	2.3673333693E+10	1.8566044899E+03	4.3195932706E+03	1.0005026445E+01	2.6602678617E-05	1.2603357700E+03	3.7291354730E-12
6.7255050000E+05	2.3915577353E+10	1.8588008184E+03	4.3218858045E+03	1.0004297244E+01	2.6507474310E-05	1.2600571242E+03	3.7162228570E-12
6.7815500000E+05	2.4157988795E+10	1.8609919953E+03	4.3259914063E+03	1.0003617858E+01	2.6413368921E-05	1.2597816402E+03	3.7034474269E-12
6.8375950000E+05	2.4400561204E+10	1.8631784603E+03	4.3305665965E+03	1.0003004273E+01	2.6320705947E-05	1.2595103554E+03	3.6908524026E-12
6.8936425000E+05	2.4643372996E+10	1.8653601400E+03	4.3328372614E+03	1.0002391043E+01	2.6228038113E-05	1.2592390829E+03	3.6782568165E-12
6.9496875000E+05	2.4886350086E+10	1.8675369616E+03	4.3369187500E+03	1.0001762391E+01	2.6136747020E-05	1.2589718996E+03	3.6658291061E-12
7.0057325000E+05	2.5129490601E+10	1.8697090714E+03	4.3414525198E+03	1.0001128207E+01	2.6045936113E-05	1.2587060590E+03	3.6534601128E-12
7.0617787500E+05	2.5372860590E+10	1.8718765422E+03	4.3437243800E+03	1.0000494391E+01	2.5955221389E-05	1.2584404077E+03	3.6411024643E-12
7.1178250000E+05	2.5616370255E+10	1.8740393010E+03	4.3473416897E+03	9.9998668687E+00	2.5866133598E-05	1.2581796394E+03	3.6289429246E-12
7.1738712500E+05	2.5860064652E+10	1.8761974210E+03	4.3522961236E+03	9.9992385838E+00	2.5777046170E-05	1.2579187489E+03	3.6167835583E-12
7.2299175000E+05	2.6103998667E+10	1.8783508780E+03	4.3545694729E+03	9.9986120156E+00	2.5688605594E-05	1.2576598361E+03	3.6047034712E-12
7.2859625000E+05	2.6348100501E+10	1.8804996238E+03	4.3586391601E+03	9.9979887037E+00	2.5601219427E-05	1.2574039318E+03	3.5927524530E-12
7.3420087500E+05	2.6592369980E+10	1.8826439743E+03	4.3630969880E+03	9.9973651873E+00	2.5513831311E-05	1.2571481440E+03	3.5808013851E-12
7.3980550000E+05	2.6836863103E+10	1.8847837348E+03	4.3653695632E+03	9.9967449133E+00	2.5427632465E-05	1.2568956765E+03	3.5689966863E-12
7.4541000000E+05	2.7081488397E+10	1.8869189311E+03	4.3689587652E+03	9.9961254161E+00	2.5341916831E-05	1.2566446794E+03	3.5572514465E-12
7.5101462500E+05	2.7326303876E+10	1.8890496340E+03	4.3725463871E+03	9.9955059051E+00	2.5256286598E-05	1.2563939453E+03	3.5455168735E-12
7.5661925000E+05	2.7571304087E+10	1.8911759179E+03	4.3761225832E+03	9.9948921161E+00	2.5172191603E-05	1.2561477034E+03	3.5339720806E-12
7.6222375000E+05	2.7816522062E+10	1.8932977111E+03	4.3801815428E+03	9.9942773873E+00	2.5088105395E-05	1.2559013693E+03	3.5224284125E-12
7.6782837500E+05	2.8061906480E+10	1.8954150595E+03	4.3845551623E+03	9.9936649334E+00	2.5004641586E-05	1.2556569340E+03	3.5109622022E-12
7.7343300000E+05	2.8307512083E+10	1.8975280865E+03	4.3868284353E+03	9.9930551499E+00	2.4922140763E-05	1.2554152576E+03	3.4996152124E-12
7.7903750000E+05	2.8553247374E+10	1.8996366719E+03	4.3903890245E+03	9.9924463337E+00	2.4839641417E-05	1.2551736354E+03	3.4882686926E-12
7.8464212500E+05	2.8799171648E+10	1.9017409586E+03	4.3939389510E+03	9.9918413186E+00	2.4758281459E-05	1.2549353037E+03	3.4770639494E-12
7.9024675000E+05	2.9045280653E+10	1.9038409484E+03	4.3974857523E+03	9.9912374479E+00	2.4677318056E-05	1.2546981439E+03	3.4659086046E-12
7.9585137500E+05	2.9291573571E+10	1.9059367145E+03	4.4010299169E+03	9.9906345310E+00	2.4596498733E-05	1.2544613747E+03	3.4547713460E-12
8.0145587500E+05	2.9538044084E+10	1.9080281126E+03	4.4045637486E+03	9.9900373494E+00	2.4517022500E-05	1.2542285170E+03	3.4438018191E-12
8.0706050000E+05	2.9784702776E+10	1.9101153582E+03	4.4080965850E+03	9.9894401545E+00	2.4437543039E-05	1.2539956297E+03	3.4328320041E-12
8.1266512500E+05	3.0031581016E+10	1.9121983801E+03	4.4121318360E+03	9.9888458206E+00	2.4358724974E-05	1.2537647688E+03	3.4219447200E-12
8.1826962500E+05	3.0278613900E+10	1.9142770831E+03	4.4151423549E+03	9.9882545518E+00	2.4280685721E-05	1.2535360858E+03	3.4111552546E-12
8.2387425000E+05	3.0525820640E+10	1.9163517310E+03	4.4186614217E+03	9.9876642234E+00	2.4202644727E-05	1.2533073977E+03	3.4003655486E-12
8.2947887500E+05	3.0773210064E+10	1.9184222284E+03	4.4221697462E+03	9.9870792357E+00	2.4125752250E-05	1.2530820300E+03	3.3897201725E-12
8.3508337500E+05	3.1020776239E+10	1.9204886269E+03	4.4256760393E+03	9.9864957867E+00	2.4049105957E-05	1.2528573997E+03	3.3791055211E-12
8.4068800000E+05	3.1268529389E+10	1.9225508968E+03	4.4291786998E+03	9.9859132785E+00	2.3972721704E-05	1.2526335456E+03	3.3685240259E-12
8.4629262500E+05	3.1516462765E+10	1.9246091382E+03	4.4326727664E+03	9.9853374461E+00	2.3897421946E-05	1.2524128166E+03	3.3580791852E-12
8.5189725000E+05	3.1764578825E+10	1.9266634001E+03	4.4361658565E+03	9.9847616136E+00	2.3822122187E-05	1.2521920876E+03	3.3476342578E-12
8.5750175000E+05	3.2012869982E+10	1.9287134659E+03	4.4396516421E+03	9.9841901809E+00	2.3747574252E-05	1.2519735851E+03	3.3372844518E-12
8.6310637500E+05	3.2261347310E+10	1.9307596468E+03	4.4431321344E+03	9.9836221686E+00	2.3673583811E-05	1.2517566891E+03	3.3270050181E-12
8.6871100000E+05	3.2510005274E+10	1.9328017748E+03	4.4466113571E+03	9.9830532028E+00	2.3599593376E-05	1.2515397931E+03	3.3167254984E-12
8.7431550000E+05	3.2758838323E+10	1.9348399512E+03	4.4500809321E+03	9.9824937861E+00	2.3526820383E-05	1.2513263931E+03	3.3066002055E-12
8.7992012500E+05	3.3007857555E+10	1.9368742423E+03	4.4535486313E+03	9.9819343569E+00	2.3454100333E-05	1.2511132325E+03	3.2964817118E-12
8.8552475000E+05	3.3257056195E+10	1.9389046027E+03	4.4570123266E+03	9.9813774074E+00	2.3381805206E-05	1.2509011950E+03	3.2864170390E-12
8.9112925000E+05	3.3506428678E+10	1.9409311093E+03	4.4604680346E+03	9.9808267645E+00	2.3310320397E-05	1.2506916035E+03	3.2764554575E-12
8.9673387500E+05	3.3755987357E+10	1.9429537304E+03	4.4639233314E+03	9.9802761091E+00	2.3238835813E-05	1.2504819341E+03	3.2664936538E-12
9.0233850000E+05	3.4005724624E+10	1.9449724452E+03	4.4673701321E+03	9.9797323203E+00	2.3168234899E-05	1.2502748770E+03	3.2566445211E-12
9.0794312500E+05	3.4255641707E+10	1.9469873514E+03	4.4708135147E+03	9.9791913926E+00	2.3097948673E-05	1.2500686745E+03	3.2468355042E-12
9.1354762500E+05	3.4505730161E+10	1.9489984530E+03	4.4742542816E+03	9.9786510491E+00	2.3027822625E-05	1.2498630624E+03	3.2370470017E-12
9.1915225000E+05	3.4756004826E+10	1.9510058152E+03	4.4776867267E+03	9.9781198489E+00	2.2958702743E-05	1.2496602290E+03	3.2273867817E-12
9.2475687500E+05	3.5006458080E+10	1.9530094176E+03	4.4822603159E+03	9.9775886487E+00	2.2889581770E-05	1.2494575177E+03	3.2177265618E-12
9.3036137500E+05	3.5257133481E+10	1.9550091668E+03	4.4845429466E+03	9.9770624195E+00	2.2821075330E-05	1.2492564710E+03	3.2081450526E-12
9.3596600000E+05	3.5507975856E+10	1.9570052008E+03	4.4885308594E+03	9.9765413283E+00	2.2753087595E-05	1.2490570068E+03	3.1986298998E-12
9.4157062500E+05	3.5758977976E+10	1.9589976459E+03	4.4913813718E+03	9.9760204278E+00	2.2685101678E-05	1.2488575425E+03	3.1891147471E-12
9.4717512500E+05	3.6010139974E+10	1.9609862380E+03	4.4947906938E+03	9.9755092664E+00	2.2618161733E-05	1.2486611101E+03	3.1797340730E-12
9.5277975000E+05	3.6261482064E+10	1.9629713101E+03	4.4981987246E+03	9.9749984750E+00	2.2551279586E-05	1.2484648441E+03	3.1703604747E-12
9.5838437500E+05	3.6513002741E+10	1.9649527199E+03	4.5027147803E+03	9.9744926427E+00	2.2484785618E-05	1.2482696279E+03	3.1610370539E-12
9.6398887500E+05	3.6764743905E+10	1.9669303992E+03	4.5049986948E+03	9.9739934974E+00	2.2418975968E-05	1.2480764913E+03	3.1518017898E-12
9.6959350000E+05	3.7016650426E+10	1.9689045092E+03	4.5089787109E+03	9.9734939594E+00	2.2353166305E-05	1.2478833503E+03	3.1425663632E-12
9.7519812500E+05	3.7268721609E+10	1.9708751280E+03	4.5128804892E+03	9.9730035767E+00	2.2288173008E-05	1.2476926020E+03	3.1334360611E-12
9.8080275000E+05	3.7520996776E+10	1.9728420603E+03	4.5151675136E+03	9.9725160552E+00	2.2223405997E-05	1.2475024395E+03	3.1243353366E-12
9.8640725000E+05	3.7773399024E+10	1.9748055307E+03	4.5185494923E+03	9.9720315961E+00	2.2158851427E-05	1.2473129405E+03	3.1152616592E-12
9.9201187500E+05	3.8025981390E+10	1.9767653584E+03	4.5219237339E+03	9.9715557093E+00	2.2095103057E-05	1.2471256834E+03	3.1062922976E-12
9.9761650000E+05	3.8278742345E+10	1.9787217437E+03	4.5252974872E+03	9.9710803949E+00	2.2031354687E-05	1.2469385239E+03	3.0973228058E-12
1.0032210000E+06	3.8531672150E+10	1.9806746187E+03	4.5286641341E+03	9.9706131017E+00	2.1968236010E-05	1.2467531753E+03	3.0884351752E-12
1.0088256250E+06	3.8784786181E+10	1.9826240215E+03	4.5330966730E+03	9.9701499944E+00	2.1905478269E-05	1.2465688478E+03	3.0795938803E-12
1.0144302500E+06	3.9038119760E+10	1.9845700063E+03	4.5353881053E+03	9.9696880315E+00	2.1842786744E-05	1.2463846913E+03	3.0707615201E-12
1.0200347500E+06	3.9291581216E+10	1.9865124322E+03	4.5387407876E+03	9.9692384764E+00	2.1780994087E-05	1.2462032244E+03	3.0620457976E-12
1.0256393750E+06	3.9545220358E+10	1.9884515078E+03	4.5420923728E+03	9.9687889113E+00	2.1719199689E-05	1.2460217046E+03	3.0533298808E-12
1.0312440000E+06	3.9799038907E+10	1.9903872143E+03	4.5454388798E+03	9.9683458312E+00	2.1657885144E-05	1.2458415765E+03	3.0446761542E-12
1.0368486250E+06	4.0053029490E+10	1.9923194783E+03	4.5487798203E+03	9.9679088548E+00	2.1597031533E-05	1.2456627179E+03	3.0360823627E-12
1.0424531250E+06	4.0307192171E+10	1.9942482813E+03	4.5521196122E+03	9.9674730322E+00	2.1536183644E-05	1.2454840097E+03	3.0274895434E-12
1.0480577500E+06	4.0561535011E+10	1.9961738559E+03	4.5554514707E+03	9.9670499794E+00	2.1476198785E-05	1.2453077145E+03	3.0190091598E-12
1.0536623750E+06	4.0816053981E+10	1.9980960857E+03	4.5587819619E+03	9.9666276896E+00	2.1416261951E-05	1.2451315415E+03	3.0105350217E-12
1.0592668750E+06	4.1070742581E+10	2.0000149523E+03	4.5621076915E+03	9.9662109404E+00	2.1356685153E-05	1.2449564709E+03	3.0021078225E-12
1.0648715000E+06	4.1325608893E+10	2.0019305415E+03	4.5654277335E+03	9.9658031465E+00	2.1297641085E-05	1.2447829590E+03	2.9937504321E-12
1.0704761250E+06	4.1580653793E+10	2.0038428591E+03	4.5687472872E+03	9.9653953526E+00	2.1238597017E-05	1.2446094471E+03	2.9853928681E-12
1.0760806250E+06	4.1835865852E+10	2.0057518626E+03	4.5720580756E+03	9.9650003469E+00	2.1180299680E-05	1.2444379898E+03	2.9771331545E-12
1.0816852500E+06	4.2091288404E+10	2.0076576861E+03	4.5760026367E+03	9.9646076211E+00	2.1122126914E-05	1.2442669682E+03	2.9688896928E-12
1.0872898750E+06	4.2346875618E+10	2.0095601892E+03	4.5786740382E+03	9.9642192823E+00	2.1064220452E-05	1.2440967522E+03	2.9606812730E-12
1.0928943750E+06	4.2602611956E+10	2.0114594517E+03	4.5819731081E+03	9.9638414424E+00	2.1006899894E-05	1.2439282245E+03	2.9525495361E-12
1.0984990000E+06	4.2858531766E+10	2.0133556071E+03	4.5852722515E+03	9.9634645479E+00	2.0949578057E-05	1.2437596687E+03	2.9444176179E-12
1.1041036250E+06	4.3114621972E+10	2.0152485643E+03	4.5885633871E+03	9.9630989066E+00	2.0892899053E-05	1.2435929195E+03	2.9363702677E-12
1.1097082500E+06	4.3370888307E+10	2.0171382743E+03	4.5918523741E+03	9.9627376523E+00	2.0836405225E-05	1.2434268051E+03	2.9283472908E-12
1.1153127500E+06	4.3627324233E+10	2.0190249149E+03	4.5951386512E+03	9.9623798392E+00	2.0780110922E-05	1.2432612315E+03	2.9203504263E-12
1.1209173750E+06	4.3883937911E+10	2.0209083261E+03	4.5984179703E+03	9.9620342253E+00	2.0724428370E-05	1.2430974120E+03	2.9124341790E-12
1.1265220000E+06	4.4140726081E+10	2.0227886855E+03	4.6016971916E+03	9.9616886114E+00	2.0668743998E-05	1.2429335926E+03	2.9045177149E-12
1.1321265000E+06	4.4397685467E+10	2.0246658535E+03	4.6049688205E+03	9.9613557843E+00	2.0613625840E-05	1.2427714613E+03	2.8966760630E-12
1.1377311250E+06	4.4654821797E+10	2.0265400362E+03	4.6082381785E+03	9.9610271459E+00	2.0558732370E-05	1.2426098879E+03	2.8888638130E-12
1.1433357500E+06	4.4912133438E+10	2.0284110693E+03	4.6115048022E+03	9.9607017501E+00	2.0503986970E-05	1.2424487785E+03	2.8810712094E-12
1.1489402500E+06	4.5169612189E+10	2.0302790335E+03	4.6147646148E+03	9.9603910479E+00	2.0449865237E-05	1.2422895524E+03	2.8733611339E-12
1.1545448750E+06	4.5427271172E+10	2.0321439875E+03	4.6180240118E+03	9.9600793850E+00	2.0395743751E-05	1.2421302252E+03	2.8656511033E-12
1.1601495000E+06	4.5685104647E+10	2.0340059142E+03	4.6212768659E+03	9.9597799292E+00	2.0342128311E-05	1.2419724116E+03	2.8580079465E-12
1.1657541250E+06	4.5943112614E+10	2.0358648134E+03	4.6245265949E+03	9.9594867678E+00	2.0288759893E-05	1.2418153061E+03	2.8503974897E-12
1.1713586250E+06	4.6201286036E+10	2.0377206684E+03	4.6277741030E+03	9.9591962830E+00	2.0235509075E-05	1.2416585458E+03	2.8428027712E-12
1.1769632500E+06	4.6459642164E+10	2.0395736106E+03	4.6310151406E+03	9.9589204785E+00	2.0182876989E-05	1.2415036619E+03	2.8352899366E-12
1.1825678750E+06	4.6718168688E+10	2.0414235254E+03	4.6342551039E+03	9.9586456277E+00	2.0130244538E-05	1.2413486560E+03	2.8277771020E-12
1.1881723750E+06	4.6976868028E+10	2.0432704938E+03	4.6374889403E+03	9.9583829899E+00	2.0078078917E-05	1.2411950207E+03	2.8203263638E-12
1.1937770000E+06	4.7235741074E+10	2.0451144760E+03	4.6407200169E+03	9.9581266405E+00	2.0026166064E-05	1.2410421632E+03	2.8129091999E-12
1.1993816250E+06	4.7494790250E+10	2.0469556750E+03	4.6439487496E+03	9.9578727708E+00	1.9974351076E-05	1.2408895255E+03	2.8055051770E-12
1.2049861250E+06	4.7754008136E+10	2.0487936835E+03	4.6471708675E+03	9.9576349281E+00	1.9923142227E-05	1.2407386489E+03	2.7981814617E-12
1.2105907500E+06	4.8013406292E+10	2.0506291452E+03	4.6503924713E+03	9.9573980338E+00	1.9871930417E-05	1.2405878666E+03	2.7908578000E-12
1.2161953750E+06	4.8272974845E+10	2.0524614330E+03	4.6536078251E+03	9.9571733466E+00	1.9821159896E-05	1.2404382807E+03	2.7835925988E-12
1.2218000000E+06	4.8532717889E+10	2.0542909863E+03	4.6568199562E+03	9.9569559074E+00	1.9770635305E-05	1.2402893783E+03	2.7763604877E-12
1.2274045000E+06	4.8792629627E+10	2.0561177646E+03	4.6600305509E+03	9.9567419061E+00	1.9720208971E-05	1.2401408210E+03	2.7691413311E-12
1.2330091250E+06	4.9052721651E+10	2.0579414098E+03	4.6632343811E+03	9.9565439221E+00	1.9670356682E-05	1.2399938962E+03	2.7619989492E-12
1.2386137500E+06	4.9312983253E+10	2.0597625158E+03	4.6664375278E+03	9.9563468916E+00	1.9620504394E-05	1.2398469958E+03	2.7548565673E-12
1.2442182500E+06	4.9573417631E+10	2.0615807004E+03	4.6696345484E+03	9.9561635984E+00	1.9571080312E-05	1.2397013682E+03	2.7477712430E-12
1.2498228750E+06	4.9834028213E+10	2.0633960936E+03	4.6728288083E+03	9.9559867859E+00	1.9521885411E-05	1.2395563233E+03	2.7407166387E-12
1.2554275000E+06	5.0094814105E+10	2.0652086547E+03	4.6760212127E+03	9.9558134068E+00	1.9472791649E-05	1.2394116201E+03	2.7336756525E-12
1.2610320000E+06	5.0355767029E+10	2.0670185387E+03	4.6792070030E+03	9.9556579603E+00	1.9424240667E-05	1.2392684339E+03	2.7267073766E-12
1.2666366250E+06	5.0616900263E+10	2.0688254845E+03	4.6823923761E+03	9.9555034641E+00	1.9375686781E-05	1.2391253665E+03	2.7197387718E-12
1.2722412500E+06	5.0878206351E+10	2.0706297936E+03	4.6855719875E+03	9.9553625101E+00	1.9327557452E-05	1.2389833734E+03	2.7128271097E-12
1.2778457500E+06	5.1139680277E+10	2.0724313281E+03	4.6887483053E+03	9.9552289978E+00	1.9279634374E-05	1.2388420670E+03	2.7059429665E-12
1.2834503750E+06	5.1401333707E+10	2.0742301196E+03	4.6919229362E+03	9.9551000599E+00	1.9231828459E-05	1.2387010992E+03	2.6990747591E-12
1.2890550000E+06	5.1663159989E+10	2.0760263719E+03	4.6950913170E+03	9.9549884793E+00	1.9184517316E-05	1.2385615231E+03	2.6922730358E-12
1.2946596250E+06	5.1925160764E+10	2.0778198411E+03	4.6982592095E+03	9.9548768987E+00	1.9137207992E-05	1.2384219469E+03	2.6854715293E-12
1.3002641250E+06	5.2187330182E+10	2.0796104871E+03	4.7014207814E+03	9.9547822958E+00	1.9090330092E-05	1.2382836922E+03	2.6787281139E-12
1.3058687500E+06	5.2449679936E+10	2.0813986339E+03	4.7045801778E+03	9.9546934127E+00	1.9043621767E-05	1.2381459228E+03	2.6720074027E-12
1.3114733750E+06	5.2712204183E+10	2.0831839976E+03	4.7077372303E+03	9.9546110148E+00	1.8997057145E-05	1.2380085195E+03	2.6653060777E-12
1.3170778750E+06	5.2974892965E+10	2.0849667824E+03	4.7108881579E+03	9.9545450216E+00	1.8950937749E-05	1.2378724376E+03	2.6586647921E-12
1.3226825000E+06	5.3237787491E+10	2.0867470679E+03	4.7147782226E+03	9.9544799806E+00	1.8904817325E-05	1.2377363283E+03	2.6520234017E-12
1.3282871250E+06	5.3500853232E+10	2.0885245701E+03	4.7171836107E+03	9.9544328687E+00	1.8859144739E-05	1.2376014885E+03	2.6454424669E-12
1.3338916250E+06	5.3764066294E+10	2.0902993960E+03	4.7203261400E+03	9.9543920521E+00	1.8813602317E-05	1.2374670668E+03	2.6388791558E-12
1.3394962500E+06	5.4027461354E+10	2.0920718690E+03	4.7234660050E+03	9.9543575288E+00	1.8768233865E-05	1.2373331792E+03	2.6323392904E-12
1.3451008750E+06	5.4291026810E+10	2.0938415587E+03	4.7266005965E+03	9.9543409347E+00	1.8723254319E-05	1.2372003169E+03	2.6258519879E-12
1.3507055000E+06	5.4554770854E+10	2.0956087093E+03	4.7297346020E+03	9.9543233869E+00	1.8678274772E-05	1.2370675768E+03	2.6193646854E-12
1.3563100000E+06	5.4818681864E+10	2.0973732815E+03	4.7328621901E+03	9.9543270111E+00	1.8633765889E-05	1.2369361091E+03	2.6129411481E-12
1.3619146250E+06	5.5082772431E+10	2.0991353540E+03	4.7359883832E+03	9.9543348313E+00	1.8589338591E-05	1.2368048582E+03	2.6065286994E-12
1.3675192500E+06	5.5347039947E+10	2.1008951315E+03	4.7391113535E+03	9.9543518069E+00	1.8545125575E-05	1.2366743154E+03	2.6001450911E-12
1.3731237500E+06	5.5611471959E+10	2.1026520866E+03	4.7422294691E+03	9.9543848035E+00	1.8501239863E-05	1.2365446787E+03	2.5938060763E-12
1.3787283750E+06	5.5876087636E+10	2.1044065418E+03	4.7453466777E+03	9.9544179916E+00	1.8457354628E-05	1.2364150636E+03	2.5874670936E-12
1.3843330000E+06	5.6140877806E+10	2.1061587021E+03	4.7484578315E+03	9.9544754032E+00	1.8413965616E-05	1.2362869133E+03	2.5811954187E-12
1.3899375000E+06	5.6405838194E+10	2.1079081866E+03	4.7515680371E+03	9.9545341486E+00	1.8370611405E-05	1.2361587659E+03	2.5749283938E-12
1.3955421250E+06	5.6670979800E+10	2.1096553176E+03	4.7546745035E+03	9.9546064375E+00	1.8327510884E-05	1.2360314457E+03	2.5686959669E-12
1.4011467500E+06	5.6936293441E+10	2.1113999095E+03	4.7577763799E+03	9.9546909336E+00	1.8284672303E-05	1.2359047846E+03	2.5624992325E-12
1.4067513750E+06	5.7201784851E+10	2.1131419623E+03	4.7608776704E+03	9.9547777188E+00	1.8241861011E-05	1.2357782945E+03	2.5563058816E-12
1.4123558750E+06	5.7467448922E+10	2.1148816813E+03	4.7647365922E+03	9.9548896784E+00	1.8199532694E-05	1.2356532232E+03	2.5501785865E-12
1.4179605000E+06	5.7733331910E+10	2.1166191443E+03	4.7670673893E+03	9.9550018313E+00	1.8157204525E-05	1.2355280515E+03	2.5440511548E-12
1.4235651250E+06	5.7999350068E+10	2.1183540681E+03	4.7701572539E+03	9.9551309598E+00	1.8115178311E-05	1.2354038319E+03	2.5379650101E-12
1.4291696250E+06	5.8265536780E+10	2.1200864142E+03	4.7732441200E+03	9.9552707663E+00	1.8073349845E-05	1.2352801522E+03	2.5319057152E-12
1.4347742500E+06	5.8531908015E+10	2.1218165529E+03	4.7763293948E+03	9.9554149628E+00	1.8031602300E-05	1.2351567383E+03	2.5258574741E-12
1.4403788750E+06	5.8798453742E+10	2.1235442989E+03	4.7794088101E+03	9.9555826198E+00	1.7990260393E-05	1.2350344718E+03	2.5198646578E-12
1.4459833750E+06	5.9065168009E+10	2.1252696627E+03	4.7824879615E+03	9.9557500824E+00	1.7948919408E-05	1.2349122325E+03	2.5138719319E-12
1.4515880000E+06	5.9332066812E+10	2.1269926725E+03	4.7855618105E+03	9.9559387203E+00	1.7907931112E-05	1.2347909670E+03	2.5079272974E-12
1.4571926250E+06	5.9599144203E+10	2.1287133872E+03	4.7886333156E+03	9.9561347971E+00	1.7867068694E-05	1.2346701654E+03	2.5019998807E-12
1.4627971250E+06	5.9866389304E+10	2.1304317687E+03	4.7917027015E+03	9.9563402151E+00	1.7826350518E-05	1.2345496351E+03	2.4960924147E-12
1.4684017500E+06	6.0133818951E+10	2.1321476495E+03	4.7947670778E+03	9.9565662375E+00	1.7785957039E-05	1.2344301518E+03	2.4902291832E-12
1.4740063750E+06	6.0401423091E+10	2.1338613818E+03	4.7978310633E+03	9.9567914969E+00	1.7745563559E-05	1.2343106442E+03	2.4843659083E-12
1.4796110000E+06	6.0669205818E+10	2.1355727703E+03	4.8008892871E+03	9.9570428873E+00	1.7705576810E-05	1.2341923084E+03	2.4785584487E-12
1.4852155000E+06	6.0937161156E+10	2.1372819723E+03	4.8039462709E+03	9.9572982773E+00	1.7665643337E-05	1.2340740974E+03	2.4727583608E-12
1.4908201250E+06	6.1205296959E+10	2.1389887221E+03	4.8069998072E+03	9.9575666430E+00	1.7625918886E-05	1.2339565429E+03	2.4669867665E-12
1.4964247500E+06	6.1473615447E+10	2.1406933234E+03	4.8100497301E+03	9.9578521750E+00	1.7586436362E-05	1.2338396720E+03	2.4612483491E-12
1.5020292500E+06	6.1742102436E+10	2.1423955431E+03	4.8130982179E+03	9.9581388449E+00	1.7546975453E-05	1.2337229013E+03	2.4555130517E-12
1.5076338750E+06	6.2010774000E+10	2.1440956523E+03	4.8161418909E+03	9.9584550854E+00	1.7507933855E-05	1.2336072755E+03	2.4498353501E-12
1.5132385000E+06	6.2279624151E+10	2.1457934665E+03	4.8191845872E+03	9.9587717073E+00	1.7468895531E-05	1.2334916986E+03	2.4441576919E-12
1.5188430000E+06	6.2548646070E+10	2.1474889968E+03	4.8222226260E+03	9.9591070140E+00	1.7430129832E-05	1.2333768810E+03	2.4385178465E-12
1.5244476250E+06	6.2817852574E+10	2.1491825141E+03	4.8252582910E+03	9.9594547260E+00	1.7391523339E-05	1.2332625492E+03	2.4328999933E-12
1.5300522500E+06	6.3087237666E+10	2.1508737365E+03	4.8282921982E+03	9.9598093046E+00	1.7353012528E-05	1.2331484615E+03	2.4272950206E-12
1.5356568750E+06	6.3356801347E+10	2.1525626639E+03	4.8313209297E+03	9.9601888695E+00	1.7314832046E-05	1.2330354481E+03	2.4217356713E-12
1.5412613750E+06	6.3626541693E+10	2.1542495029E+03	4.8343491053E+03	9.9605684260E+00	1.7276652415E-05	1.2329223639E+03	2.4161764460E-12
1.5468660000E+06	6.3896465823E+10	2.1559341334E+03	4.8373727585E+03	9.9609745032E+00	1.7238812085E-05	1.2328102537E+03	2.4106640644E-12
1.5524706250E+06	6.4166568540E+10	2.1576167132E+03	4.8403944586E+03	9.9613868747E+00	1.7201049973E-05	1.2326982657E+03	2.4051621782E-12
1.5580751250E+06	6.4436846273E+10	2.1592969605E+03	4.8434133571E+03	9.9618122068E+00	1.7163457139E-05	1.2325869637E+03	2.3996838331E-12
1.5636797500E+06	6.4707307801E+10	2.1609751945E+03	4.8464285142E+03	9.9622571943E+00	1.7126104667E-05	1.2324762208E+03	2.3942385427E-12
1.5692843750E+06	6.4977954470E+10	2.1626513777E+03	4.8494424018E+03	9.9627027542E+00	1.7088757654E-05	1.2323654778E+03	2.3887939898E-12
1.5748888750E+06	6.5248770409E+10	2.1643252775E+03	4.8524516323E+03	9.9631822543E+00	1.7051807641E-05	1.2322559825E+03	2.3834045479E-12
1.5804935000E+06	6.5519777527E+10	2.1659971638E+03	4.8554599535E+03	9.9636611927E+00	1.7014856804E-05	1.2321464846E+03	2.3780147690E-12
1.5860981250E+06	6.5790964053E+10	2.1676667552E+03	4.8584640753E+03	9.9641607306E+00	1.6978150441E-05	1.2320376704E+03	2.3726587741E-12
1.5917027500E+06	6.6062332444E+10	2.1693344911E+03	4.8614659511E+03	9.9646743831E+00	1.6941595419E-05	1.2319292957E+03	2.3673235959E-12
1.5973072500E+06	6.6333875002E+10	2.1709999925E+03	4.8644658068E+03	9.9651956534E+00	1.6905127431E-05	1.2318211675E+03	2.3620005929E-12
1.6029118750E+06	6.6605606299E+10	2.1726634803E+03	4.8674611396E+03	9.9657434476E+00	1.6868958401E-05	1.2317138914E+03	2.3567191915E-12
1.6085165000E+06	6.6877522737E+10	2.1743250150E+03	4.8704559840E+03	9.9662918140E+00	1.6832791190E-05	1.2316065420E+03	2.3514375733E-12
1.6141210000E+06	6.7149612512E+10	2.1759844130E+03	4.8734460743E+03	9.9668693504E+00	1.6796942015E-05	1.2315002692E+03	2.3462003514E-12
1.6197256250E+06	6.7421891038E+10	2.1776417973E+03	4.8764348640E+03	9.9674531938E+00	1.6761154611E-05	1.2313940918E+03	2.3409712957E-12
1.6253302500E+06	6.7694352248E+10	2.1792971307E+03	4.8794204311E+03	9.9680528685E+00	1.6725534558E-05	1.2312884514E+03	2.3357660928E-12
1.6309347500E+06	6.7966990878E+10	2.1809504254E+03	4.8824028066E+03	9.9686733193E+00	1.6690121567E-05	1.2311833017E+03	2.3305890211E-12
1.6365393750E+06	6.8239820729E+10	2.1826018526E+03	4.8853842721E+03	9.9692958820E+00	1.6654733616E-05	1.2310783205E+03	2.3254156070E-12
1.6421440000E+06	6.8512834083E+10	2.1842511801E+03	4.8883610500E+03	9.9699522051E+00	1.6619685818E-05	1.2309742915E+03	2.3202894210E-12
1.6477485000E+06	6.8786027303E+10	2.1858985178E+03	4.8913369804E+03	9.9706085136E+00	1.6584638075E-05	1.2308702648E+03	2.3151633061E-12
1.6533531250E+06	6.9059402744E+10	2.1875436950E+03	4.8943085825E+03	9.9712915394E+00	1.6549840569E-05	1.2307669682E+03	2.3100718578E-12
1.6589577500E+06	6.9332973158E+10	2.1891872608E+03	4.8972786222E+03	9.9719848654E+00	1.6515151479E-05	1.2306640378E+03	2.3049955889E-12
1.6645623750E+06	6.9606722160E+10	2.1908286293E+03	4.9002465133E+03	9.9726911617E+00	1.6480577716E-05	1.2305613271E+03	2.2999352366E-12
1.6701668750E+06	6.9880655107E+10	2.1924681058E+03	4.9032105297E+03	9.9734228092E+00	1.6446243734E-05	1.2304594244E+03	2.2949082162E-12
1.6757715000E+06	7.0154776025E+10	2.1941055680E+03	4.9061736357E+03	9.9741548545E+00	1.6411908621E-05	1.2303574218E+03	2.2898811704E-12
1.6813761250E+06	7.0429083725E+10	2.1957412236E+03	4.9091323471E+03	9.9749231399E+00	1.6377905659E-05	1.2302564689E+03	2.2849003120E-12
1.6869806250E+06	7.0703573718E+10	2.1973748408E+03	4.9120899183E+03	9.9756940782E+00	1.6343918734E-05	1.2301555428E+03	2.2799217330E-12
1.6925852500E+06	7.0978256612E+10	2.1990066878E+03	4.9150439423E+03	9.9764875404E+00	1.6310131503E-05	1.2300551515E+03	2.2749707984E-12
1.6981898750E+06	7.1253126286E+10	2.2006366304E+03	4.9179961107E+03	9.9772974061E+00	1.6276485065E-05	1.2299552240E+03	2.2700395968E-12
1.7037943750E+06	7.1528176604E+10	2.2022646325E+03	4.9209463578E+03	9.9781160271E+00	1.6242913588E-05	1.2298554209E+03	2.2651189563E-12
1.7093990000E+06	7.1803419834E+10	2.2038906200E+03	4.9238925692E+03	9.9789657567E+00	1.6209602210E-05	1.2297564700E+03	2.2602343323E-12
1.7150036250E+06	7.2078849844E+10	2.2055148498E+03	4.9268381945E+03	9.9798152955E+00	1.6176289013E-05	1.2296575192E+03	2.2553497083E-12
1.7206082500E+06	7.2354474826E+10	2.2071372729E+03	4.9297794254E+03	9.9806997392E+00	1.6143262128E-05	1.2295593496E+03	2.2505050267E-12
1.7262127500E+06	7.2630277158E+10	2.2087578531E+03	4.9327196140E+03	9.9815900758E+00	1.6110281088E-05	1.2294612798E+03	2.2456665244E-12
1.7318173750E+06	7.2906277336E+10	2.2103764188E+03	4.9356566456E+03	9.9825006501E+00	1.6077462659E-05	1.2293637938E+03	2.2408511163E-12
1.7374220000E+06	7.3182464292E+10	2.2119931778E+03	4.9385913334E+03	9.9834327776E+00	1.6044803211E-05	1.2292666007E+03	2.2360576526E-12
1.7430265000E+06	7.3458838417E+10	2.2136081917E+03	4.9415244910E+03	9.9843704155E+00	1.6012195784E-05	1.2291696784E+03	2.2312715813E-12
1.7486311250E+06	7.3735405484E+10	2.2152214351E+03	4.9444536124E+03	9.9853433606E+00	1.5979854298E-05	1.2290735596E+03	2.2265225702E-12
1.7542357500E+06	7.4012161158E+10	2.2168328538E+03	4.9473821152E+03	9.9863162949E+00	1.5947511717E-05	1.2289773442E+03	2.2217735687E-12
1.7598402500E+06	7.4289111614E+10	2.2184424350E+03	4.9503066467E+03	9.9873237631E+00	1.5915424890E-05	1.2288819578E+03	2.2170601629E-12
1.7654448750E+06	7.4566253950E+10	2.2200502893E+03	4.9532299737E+03	9.9883394218E+00	1.5883395537E-05	1.2287866213E+03	2.2123548762E-12
1.7710495000E+06	7.4843586156E+10	2.2216561107E+03	4.9561506966E+03	9.9893758821E+00	1.5851509529E-05	1.2286917965E+03	2.2076697901E-12
1.7766540000E+06	7.5121110237E+10	2.2232603517E+03	4.9590684572E+03	9.9904342652E+00	1.5819785765E-05	1.2285974609E+03	2.2030075244E-12
1.7822586250E+06	7.5398821095E+10	2.2248629325E+03	4.9619852413E+03	9.9914987516E+00	1.5788102018E-05	1.2285031986E+03	2.1983507229E-12
1.7878632500E+06	7.5676738213E+10	2.2264636269E+03	4.9648977610E+03	9.9926008251E+00	1.5756680219E-05	1.2284096433E+03	2.1937307327E-12
1.7934677500E+06	7.5954839009E+10	2.2280624969E+03	4.9678100529E+03	9.9937038400E+00	1.5725259861E-05	1.2283161623E+03	2.1891106639E-12
1.7990725000E+06	7.6233139516E+10	2.2296598710E+03	4.9707184710E+03	9.9948411997E+00	1.5694072349E-05	1.2282233150E+03	2.1845235903E-12
1.8046770000E+06	7.6511631888E+10	2.2312554206E+03	4.9736256848E+03	9.9959886556E+00	1.5662948122E-05	1.2281307129E+03	2.1799451547E-12
1.8102815000E+06	7.6790319228E+10	2.2328490659E+03	4.9765302619E+03	9.9971563292E+00	1.5631957044E-05	1.2280384281E+03	2.1753855841E-12
1.8158862500E+06	7.7069204647E+10	2.2344411177E+03	4.9794321370E+03	9.9983488116E+00	1.5601122418E-05	1.2279467038E+03	2.1708480372E-12
1.8214907500E+06	7.7348281925E+10	2.2360314916E+03	4.9823334915E+03	9.9995470027E+00	1.5570325607E-05	1.2278549806E+03	2.1663157450E-12
1.8270953750E+06	7.7627558925E+10	2.2376201742E+03	4.9852299955E+03	1.0000785071E+01	1.5539779111E-05	1.2277639888E+03	2.1618185741E-12
1.8327000000E+06	7.7907032694E+10	2.2392072766E+03	4.9881267601E+03	1.0002023126E+01	1.5509231137E-05	1.2276729980E+03	2.1573212365E-12
1.8383045000E+06	7.8186703070E+10	2.2407925724E+03	4.9910194232E+03	1.0003298373E+01	1.5478910536E-05	1.2275826908E+03	2.1528559044E-12
1.8439091250E+06	7.8466569897E+10	2.2423762745E+03	4.9939112396E+03	1.0004583172E+01	1.5448644531E-05	1.2274925778E+03	2.1483981987E-12
1.8495137500E+06	7.8746631849E+10	2.2439582500E+03	4.9968002894E+03	1.0005890845E+01	1.5418512740E-05	1.2274028321E+03	2.1439594945E-12
1.8551182500E+06	7.9026900088E+10	2.2455386806E+03	4.9996868324E+03	1.0007222183E+01	1.5388522131E-05	1.2273134761E+03	2.1395407336E-12
1.8607228750E+06	7.9307368362E+10	2.2471173846E+03	5.0025726596E+03	1.0008562090E+01	1.5358579515E-05	1.2272242431E+03	2.1351283972E-12
1.8663275000E+06	7.9588028326E+10	2.2486944773E+03	5.0054546782E+03	1.0009942050E+01	1.5328861360E-05	1.2271356936E+03	2.1307481095E-12
1.8719320000E+06	7.9868892946E+10	2.2502699763E+03	5.0083358500E+03	1.0011322217E+01	1.5299144693E-05	1.2270471188E+03	2.1263677730E-12
1.8775366250E+06	8.0149954318E+10	2.2518437486E+03	5.0112138647E+03	1.0012742995E+01	1.5269655731E-05	1.2269592286E+03	2.1220195777E-12
1.8831412500E+06	8.0431220488E+10	2.2534160074E+03	5.0140904146E+03	1.0014171402E+01	1.5240206239E-05	1.2268714604E+03	2.1176770201E-12
1.8887457500E+06	8.0712692958E+10	2.2549867211E+03	5.0169648481E+03	1.0015627100E+01	1.5210898665E-05	1.2267841063E+03	2.1133545803E-12
1.8943503750E+06	8.0994357258E+10	2.2565557572E+03	5.0198369058E+03	1.0017104908E+01	1.5181713108E-05	1.2266970461E+03	2.1090491023E-12
1.8999550000E+06	8.1276234416E+10	2.2581231994E+03	5.0227080190E+03	1.0018594176E+01	1.5152586344E-05	1.2266101803E+03	2.1047522500E-12
1.9055595000E+06	8.1558306676E+10	2.2596892082E+03	5.0255751939E+03	1.0020122527E+01	1.5123659992E-05	1.2265239258E+03	2.1004834178E-12
1.9111641250E+06	8.1840590288E+10	2.2612535080E+03	5.0284422712E+03	1.0021650879E+01	1.5094732730E-05	1.2264376713E+03	2.0962145856E-12
1.9167687500E+06	8.2123075296E+10	2.2628163604E+03	5.0313057671E+03	1.0023225978E+01	1.5066041615E-05	1.2263520750E+03	2.0919790993E-12
1.9223732500E+06	8.2405766868E+10	2.2643775840E+03	5.0341686452E+03	1.0024804874E+01	1.5037369011E-05	1.2262665774E+03	2.0877463926E-12
1.9279780000E+06	8.2688664757E+10	2.2659372625E+03	5.0370285278E+03	1.0026416213E+01	1.5008853613E-05	1.2261814450E+03	2.0835357566E-12
1.9335825000E+06	8.2971762651E+10	2.2674956053E+03	5.0398867184E+03	1.0028046608E+01	1.4980430937E-05	1.2260966797E+03	2.0793382213E-12
1.9391870000E+06	8.3255071897E+10	2.2690521902E+03	5.0427433465E+03	1.0029694931E+01	1.4952091024E-05	1.2260121586E+03	2.0751523951E-12
1.9447917500E+06	8.3538587465E+10	2.2706074742E+03	5.0455970767E+03	1.0031377605E+01	1.4923915415E-05	1.2259280516E+03	2.0709899414E-12
1.9503962500E+06	8.3822311225E+10	2.2721610807E+03	5.0484504822E+03	1.0033063122E+01	1.4895750670E-05	1.2258440431E+03	2.0668290952E-12
1.9560008750E+06	8.4106247866E+10	2.2737132884E+03	5.0513002085E+03	1.0034799012E+01	1.4867815715E-05	1.2257606441E+03	2.0627006856E-12
1.9616055000E+06	8.4390387778E+10	2.2752639164E+03	5.0541494147E+03	1.0036534310E+01	1.4839882163E-05	1.2256772461E+03	2.0585724955E-12
1.9672100000E+06	8.4674739042E+10	2.2768130795E+03	5.0569955937E+03	1.0038311379E+01	1.4812128326E-05	1.2255943607E+03	2.0544696323E-12
1.9728146250E+06	8.4959299917E+10	2.2783609415E+03	5.0598408277E+03	1.0040101247E+01	1.4784433297E-05	1.2255116697E+03	2.0503751801E-12
1.9784192500E+06	8.5244075525E+10	2.2799072238E+03	5.0626837840E+03	1.0041916653E+01	1.4756847535E-05	1.2254293214E+03	2.0462964728E-12
1.9840237500E+06	8.5529057472E+10	2.2814519608E+03	5.0655245259E+03	1.0043760690E+01	1.4729386794E-05	1.2253472896E+03	2.0422353710E-12
1.9896283750E+06	8.5814255786E+10	2.2829953622E+03	5.0683642595E+03	1.0045616151E+01	1.4701970014E-05	1.2252653808E+03	2.0381803860E-12
1.9952330000E+06	8.6099667090E+10	2.2845372988E+03	5.0712010635E+03	1.0047515480E+01	1.4674740226E-05	1.2251840823E+03	2.0341519854E-12
2.0008375000E+06	8.6385288017E+10	2.2860779343E+03	5.0740374108E+03	1.0049415403E+01	1.4647510135E-05	1.2251027097E+03	2.0301236267E-12
2.0064421250E+06	8.6671126942E+10	2.2876169900E+03	5.0768705038E+03	1.0051366613E+01	1.4620486983E-05	1.2250220460E+03	2.0261247164E-12
2.0120467500E+06	8.6957182049E+10	2.2891546957E+03	5.0797033355E+03	1.0053322230E+01	1.4593484631E-05	1.2249412837E+03	2.0221285370E-12
2.0176512500E+06	8.7243448595E+10	2.2906909194E+03	5.0825332058E+03	1.0055315020E+01	1.4566623551E-05	1.2248610839E+03	2.0181527852E-12
2.0232558750E+06	8.7529934685E+10	2.2922258736E+03	5.0853615137E+03	1.0057327836E+01	1.4539844688E-05	1.2247810305E+03	2.0141884390E-12
2.0288605000E+06	8.7816638602E+10	2.2937593801E+03	5.0881886813E+03	1.0059362037E+01	1.4513146291E-05	1.2247012693E+03	2.0102354979E-12
2.0344650000E+06	8.8103553951E+10	2.2952915023E+03	5.0910132783E+03	1.0061432264E+01	1.4486586979E-05	1.2246218507E+03	2.0063025935E-12
2.0400696250E+06	8.8390693759E+10	2.2968223061E+03	5.0938372893E+03	1.0063508976E+01	1.4460049313E-05	1.2245425297E+03	2.0023725512E-12
2.0456742500E+06	8.8678048125E+10	2.2983518087E+03	5.0966582069E+03	1.0065638545E+01	1.4433706348E-05	1.2244637450E+03	1.9984703944E-12
2.0512787500E+06	8.8965620469E+10	2.2998797805E+03	5.0994785070E+03	1.0067767900E+01	1.4407364405E-05	1.2243849612E+03	1.9945682812E-12
2.0568835000E+06	8.9253423760E+10	2.3014065486E+03	5.1022963971E+03	1.0069946297E+01	1.4381199338E-05	1.2243067380E+03	1.9906914515E-12
2.0624880000E+06	8.9541440109E+10	2.3029318349E+03	5.1051132793E+03	1.0072134970E+01	1.4355070034E-05	1.2242286133E+03	1.9868195657E-12
2.0680925000E+06	8.9829680917E+10	2.3044559005E+03	5.1079278178E+03	1.0074358738E+01	1.4329061873E-05	1.2241508061E+03	1.9829651137E-12
2.0736972500E+06	9.0118144487E+10	2.3059785182E+03	5.1107412157E+03	1.0076607708E+01	1.4303142008E-05	1.2240732421E+03	1.9791230222E-12
2.0793017500E+06	9.0406826023E+10	2.3075000447E+03	5.1135530198E+03	1.0078875917E+01	1.4277289007E-05	1.2239959475E+03	1.9752906445E-12
2.0849063750E+06	9.0695738518E+10	2.3090201234E+03	5.1163626091E+03	1.0081185732E+01	1.4251574871E-05	1.2239190182E+03	1.9714780868E-12
2.0905110000E+06	9.0984872252E+10	2.3105388179E+03	5.1191715811E+03	1.0083500098E+01	1.4225876484E-05	1.2238420899E+03	1.9676678268E-12
2.0961155000E+06	9.1274230444E+10	2.3120563893E+03	5.1219777212E+03	1.0085872258E+01	1.4200366361E-05	1.2237657718E+03	1.9638842814E-12
2.1017200000E+06	9.1563819603E+10	2.3135725129E+03	5.1247832089E+03	1.0088243489E+01	1.4174855953E-05	1.2236894530E+03	1.9601006938E-12
2.1073247500E+06	9.1853634907E+10	2.3150875941E+03	5.1275866146E+03	1.0090667337E+01	1.4149510448E-05	1.2236135256E+03	1.9563408706E-12
2.1129292500E+06	9.2143681182E+10	2.3166012274E+03	5.1303890749E+03	1.0093101703E+01	1.4124199767E-05	1.2235377926E+03	1.9525857761E-12
2.1185340000E+06	9.2433961791E+10	2.3181137208E+03	5.1342470703E+03	1.0095572853E+01	1.4099004510E-05	1.2234622803E+03	1.9488473334E-12
2.1241385000E+06	9.2724488157E+10	2.3196248958E+03	5.1359885620E+03	1.0098070515E+01	1.4073890561E-05	1.2233870853E+03	1.9451205132E-12
2.1297430000E+06	9.3015220927E+10	2.3211347693E+03	5.1387861396E+03	1.0100590712E+01	1.4048843635E-05	1.2233121336E+03	1.9414031925E-12
2.1353475000E+06	9.3306186383E+10	2.3226436005E+03	5.1415821234E+03	1.0103153224E+01	1.4023924136E-05	1.2232375490E+03	1.9377041711E-12
2.1409522500E+06	9.3597381185E+10	2.3241509838E+03	5.1443771618E+03	1.0105722821E+01	1.3999024913E-05	1.2231629635E+03	1.9340078841E-12
2.1465567500E+06	9.3888805391E+10	2.3256572272E+03	5.1471697277E+03	1.0108349420E+01	1.3974295861E-05	1.2230888672E+03	1.9303360544E-12
2.1521615000E+06	9.4180465526E+10	2.3271623475E+03	5.1499618053E+03	1.0110976972E+01	1.3949566627E-05	1.2230147708E+03	1.9266643982E-12
2.1577660000E+06	9.4472364844E+10	2.3286662639E+03	5.1530722811E+03	1.0113662727E+01	1.3925002281E-05	1.2229411619E+03	1.9230162066E-12
2.1633705000E+06	9.4764539434E+10	2.3301688941E+03	5.1555405229E+03	1.0116356273E+01	1.3900461675E-05	1.2228677003E+03	1.9193711349E-12
2.1689752500E+06	9.5056907338E+10	2.3316703202E+03	5.1583279440E+03	1.0119093528E+01	1.3876040122E-05	1.2227944820E+03	1.9157434567E-12
2.1745797500E+06	9.5349511188E+10	2.3331706066E+03	5.1611137717E+03	1.0121853640E+01	1.3851683779E-05	1.2227214599E+03	1.9121249695E-12
2.1801842500E+06	9.5642354242E+10	2.3346697700E+03	5.1638985251E+03	1.0124643316E+01	1.3827406016E-05	1.2226487551E+03	1.9085178013E-12
2.1857890000E+06	9.5935439770E+10	2.3361677293E+03	5.1666816494E+03	1.0127471933E+01	1.3803230937E-05	1.2225762937E+03	1.9049254248E-12
2.1913935000E+06	9.6228759596E+10	2.3376646466E+03	5.1694637661E+03	1.0130314251E+01	1.3779094691E-05	1.2225038575E+03	1.9013383360E-12
2.1969980000E+06	9.6522321903E+10	2.3391602621E+03	5.1722437653E+03	1.0133211533E+01	1.3755099148E-05	1.2224319820E+03	1.8977717204E-12
2.2026027500E+06	9.6816123418E+10	2.3406548357E+03	5.1750235383E+03	1.0136110118E+01	1.3731107147E-05	1.2223600097E+03	1.8942055783E-12
2.2082072500E+06	9.7110175605E+10	2.3421481397E+03	5.1778009675E+03	1.0139074697E+01	1.3707284675E-05	1.2222886233E+03	1.8906637656E-12
2.2138120000E+06	9.7404462089E+10	2.3436403861E+03	5.1805781347E+03	1.0142042170E+01	1.3683465939E-05	1.2222171628E+03	1.8871223904E-12
2.2194165000E+06	9.7698999241E+10	2.3451315905E+03	5.1833527319E+03	1.0145063398E+01	1.3659783529E-05	1.2221460694E+03	1.8836005703E-12
2.2250210000E+06	9.7993780514E+10	2.3466217207E+03	5.1861270361E+03	1.0148100837E+01	1.3636139317E-05	1.2220752201E+03	1.8800842578E-12
2.2306255000E+06	9.8288805920E+10	2.3481106956E+03	5.1888997112E+03	1.0151178937E+01	1.3612592703E-05	1.2220045653E+03	1.8765820443E-12
2.2362302500E+06	9.8584083626E+10	2.3495984820E+03	5.1916711834E+03	1.0154288092E+01	1.3589119657E-05	1.2219341311E+03	1.8730903648E-12
2.2418347500E+06	9.8879603833E+10	2.3510854550E+03	5.1944419052E+03	1.0157423985E+01	1.3565708196E-05	1.2218638913E+03	1.8696075369E-12
2.2474395000E+06	9.9175376334E+10	2.3525711906E+03	5.1972105454E+03	1.0160605047E+01	1.3542403770E-05	1.2217939209E+03	1.8661399267E-12
2.2530440000E+06	9.9471401146E+10	2.3540557056E+03	5.1999786974E+03	1.0163798316E+01	1.3519126992E-05	1.2217240726E+03	1.8626764362E-12
2.2586485000E+06	9.9767678299E+10	2.3555393582E+03	5.2027449270E+03	1.0167053229E+01	1.3495988017E-05	1.2216545897E+03	1.8592328567E-12
2.2642530000E+06	1.0006419954E+11	2.3570218713E+03	5.2055111258E+03	1.0170308105E+01	1.3472849300E-05	1.2215852053E+03	1.8557892723E-12
2.2698577500E+06	1.0036097969E+11	2.3585034242E+03	5.2082749140E+03	1.0173634543E+01	1.3449870396E-05	1.2215162351E+03	1.8523685045E-12
2.2754622500E+06	1.0065801867E+11	2.3599839353E+03	5.2110385738E+03	1.0176963996E+01	1.3426894842E-05	1.2214472412E+03	1.8489483821E-12
2.2810670000E+06	1.0095530670E+11	2.3614632340E+03	5.2138002958E+03	1.0180351833E+01	1.3404045943E-05	1.2213785400E+03	1.8455464552E-12
2.2866715000E+06	1.0125285033E+11	2.3629416537E+03	5.2165615296E+03	1.0183755691E+01	1.3381231787E-05	1.2213100584E+03	1.8421496024E-12
2.2922760000E+06	1.0155065607E+11	2.3644191863E+03	5.2193208925E+03	1.0187205116E+01	1.3358512528E-05	1.2212418214E+03	1.8387662993E-12
2.2978807500E+06	1.0184871907E+11	2.3658955064E+03	5.2220800754E+03	1.0190685269E+01	1.3335857170E-05	1.2211738282E+03	1.8353923015E-12
2.3034852500E+06	1.0214703766E+11	2.3673708499E+03	5.2248377936E+03	1.0194198228E+01	1.3313265658E-05	1.2211059570E+03	1.8320273676E-12
2.3090897500E+06	1.0244562494E+11	2.3688453634E+03	5.2275940468E+03	1.0197755056E+01	1.3290766551E-05	1.2210383300E+03	1.8286758779E-12
2.3146945000E+06	1.0274446946E+11	2.3703188026E+03	5.2303500071E+03	1.0201331148E+01	1.3268303097E-05	1.2209708250E+03	1.8253294623E-12
2.3202990000E+06	1.0304357609E+11	2.3717913059E+03	5.2331041943E+03	1.0204966539E+01	1.3245958002E-05	1.2209036622E+03	1.8220000655E-12
2.3259035000E+06	1.0334294817E+11	2.3732626944E+03	5.2358583968E+03	1.0208606718E+01	1.3223620967E-05	1.2208365479E+03	1.8186720596E-12
2.3315082500E+06	1.0364258239E+11	2.3747333016E+03	5.2386102555E+03	1.0212321856E+01	1.3201427633E-05	1.2207698242E+03	1.8153645018E-12
2.3371127500E+06	1.0394248368E+11	2.3762029323E+03	5.2413624072E+03	1.0216036994E+01	1.3179233753E-05	1.2207031737E+03	1.8120570524E-12
2.3427172500E+06	1.0424265362E+11	2.3776716758E+03	5.2441126881E+03	1.0219822874E+01	1.3157172419E-05	1.2206367922E+03	1.8087686817E-12
2.3483220000E+06	1.0454309067E+11	2.3791393045E+03	5.2468624960E+03	1.0223617548E+01	1.3135127879E-05	1.2205705323E+03	1.8054826561E-12
2.3539265000E+06	1.0484380460E+11	2.3806062008E+03	5.2496108392E+03	1.0227471351E+01	1.3113189203E-05	1.2205045166E+03	1.8022120263E-12
2.3595310000E+06	1.0514478231E+11	2.3820720717E+03	5.2523586940E+03	1.0231347660E+01	1.3091292183E-05	1.2204387451E+03	1.7989473162E-12
2.3651357500E+06	1.0544603200E+11	2.3835369660E+03	5.2551058652E+03	1.0235269555E+01	1.3069475744E-05	1.2203731444E+03	1.7956942938E-12
2.3707402500E+06	1.0574755690E+11	2.3850009733E+03	5.2578516540E+03	1.0239227858E+01	1.3047722909E-05	1.2203076417E+03	1.7924505053E-12
2.3763450000E+06	1.0604935381E+11	2.3864643539E+03	5.2605969697E+03	1.0243219562E+01	1.3026027250E-05	1.2202423829E+03	1.7892149385E-12
2.3819495000E+06	1.0635142762E+11	2.3879265138E+03	5.2633408206E+03	1.0247261048E+01	1.3004418176E-05	1.2201773682E+03	1.7859918185E-12
2.3875540000E+06	1.0665378159E+11	2.3893879414E+03	5.2660845739E+03	1.0251323133E+01	1.2982842572E-05	1.2201124999E+03	1.7827736424E-12
2.3931587500E+06	1.0695641082E+11	2.3908485388E+03	5.2688268623E+03	1.0255449115E+01	1.2961373378E-05	1.2200478758E+03	1.7795708187E-12
2.3987632500E+06	1.0725932016E+11	2.3923082004E+03	5.2715689401E+03	1.0259583465E+01	1.2939917401E-05	1.2199833741E+03	1.7763698992E-12
2.4043677500E+06	1.0756251299E+11	2.3937669423E+03	5.2743094707E+03	1.0263794133E+01	1.2918586450E-05	1.2199191163E+03	1.7731870899E-12
2.4099725000E+06	1.0786598107E+11	2.3952250984E+03	5.2770498060E+03	1.0268005373E+01	1.2897256046E-05	1.2198549804E+03	1.7700042805E-12
2.4155770000E+06	1.0816973752E+11	2.3966822290E+03	5.2797890671E+03	1.0272299201E+01	1.2876055517E-05	1.2197910888E+03	1.7668403580E-12
2.4211815000E+06	1.0847377243E+11	2.3981384726E+03	5.2825278246E+03	1.0276596248E+01	1.2854860928E-05	1.2197273195E+03	1.7636773204E-12
2.4267862500E+06	1.0877809740E+11	2.3995940407E+03	5.2852654255E+03	1.0280964463E+01	1.2833775359E-05	1.2196637940E+03	1.7605300512E-12
2.4323907500E+06	1.0908271073E+11	2.4010487300E+03	5.2880028311E+03	1.0285349654E+01	1.2812715438E-05	1.2196003906E+03	1.7573864250E-12
2.4379952500E+06	1.0938761242E+11	2.4025024426E+03	5.2907387718E+03	1.0289793972E+01	1.2791744649E-05	1.2195372314E+03	1.7542557007E-12
2.4436000000E+06	1.0969280246E+11	2.4039556182E+03	5.2934747126E+03	1.0294267473E+01	1.2770816423E-05	1.2194742186E+03	1.7511311782E-12
2.4492045000E+06	1.0999828244E+11	2.4054078091E+03	5.2962099545E+03	1.0298789204E+01	1.2749959982E-05	1.2194114503E+03	1.7480170162E-12
2.4548090000E+06	1.1030405084E+11	2.4068593733E+03	5.2989443327E+03	1.0303352541E+01	1.2729162724E-05	1.2193487550E+03	1.7449115323E-12
2.4604137500E+06	1.1061012399E+11	2.4083102539E+03	5.3016782227E+03	1.0307952690E+01	1.2708418398E-05	1.2192862549E+03	1.7418136811E-12
2.4660182500E+06	1.1091648549E+11	2.4097600115E+03	5.3044111361E+03	1.0312606817E+01	1.2687749379E-05	1.2192239989E+03	1.7387267803E-12
2.4716230000E+06	1.1122313699E+11	2.4112092320E+03	5.3071439519E+03	1.0317287266E+01	1.2667117104E-05	1.2191618407E+03	1.7356452139E-12
2.4772275000E+06	1.1153009152E+11	2.4126577120E+03	5.3098754828E+03	1.0322032538E+01	1.2646574983E-05	1.2190998536E+03	1.7325765666E-12
2.4828320000E+06	1.1183735251E+11	2.4141055652E+03	5.3126071267E+03	1.0326793476E+01	1.2626053484E-05	1.2190380860E+03	1.7295110464E-12
2.4884365000E+06	1.1214490841E+11	2.4155525396E+03	5.3153378917E+03	1.0331632044E+01	1.2605635485E-05	1.2189765625E+03	1.7264604882E-12
2.4940412500E+06	1.1245276413E+11	2.4169987816E+03	5.3180683637E+03	1.0336475380E+01	1.2585223853E-05	1.2189149169E+03	1.7234110142E-12
2.4996457500E+06	1.1276092460E+11	2.4184442423E+03	5.3207977614E+03	1.0341408171E+01	1.2564928091E-05	1.2188537596E+03	1.7203782369E-12
2.5052505000E+06	1.1306938809E+11	2.4198890601E+03	5.3235271440E+03	1.0346339981E+01	1.2544632988E-05	1.2187926026E+03	1.7173454765E-12
2.5108550000E+06	1.1337816296E+11	2.4213332025E+03	5.3262560535E+03	1.0351362798E+01	1.2524451458E-05	1.2187317627E+03	1.7143293309E-12
2.5164595000E+06	1.1368724094E+11	2.4227767101E+03	5.3289844747E+03	1.0356390003E+01	1.2504276295E-05	1.2186708984E+03	1.7113140960E-12
2.5220642500E+06	1.1399662857E+11	2.4242194852E+03	5.3317124076E+03	1.0361498843E+01	1.2484201722E-05	1.2186103514E+03	1.7083133895E-12
2.5276687500E+06	1.1430633068E+11	2.4256614711E+03	5.3344398371E+03	1.0366622722E+01	1.2464145088E-05	1.2185498292E+03	1.7053153884E-12
2.5332732500E+06	1.1461634255E+11	2.4271027326E+03	5.3371667934E+03	1.0371819108E+01	1.2444176016E-05	1.2184895509E+03	1.7023300125E-12
2.5388780000E+06	1.1492667390E+11	2.4285435057E+03	5.3398937498E+03	1.0377040290E+01	1.2424236776E-05	1.2184293945E+03	1.6993489951E-12
2.5444825000E+06	1.1523731163E+11	2.4299835953E+03	5.3426198272E+03	1.0382324606E+01	1.2404371933E-05	1.2183694824E+03	1.6963788414E-12
2.5500870000E+06	1.1554827454E+11	2.4314230950E+03	5.3453457018E+03	1.0387644765E+01	1.2384547527E-05	1.2183096924E+03	1.6934146157E-12
2.5556917500E+06	1.1585954797E+11	2.4328618662E+03	5.3480715839E+03	1.0393019299E+01	1.2364786912E-05	1.2182500488E+03	1.6904596625E-12
2.5612962500E+06	1.1617114657E+11	2.4342999010E+03	5.3507966772E+03	1.0398438640E+01	1.2345077284E-05	1.2181905274E+03	1.6875119818E-12
2.5669007500E+06	1.1648306554E+11	2.4357374516E+03	5.3535216805E+03	1.0403905107E+01	1.2325419624E-05	1.2181312500E+03	1.6845720340E-12
2.5725055000E+06	1.1679530967E+11	2.4371743145E+03	5.3562462855E+03	1.0409424393E+01	1.2305821500E-05	1.2180720948E+03	1.6816407029E-12
2.5781100000E+06	1.1710787580E+11	2.4386108397E+03	5.3589707028E+03	1.0414983749E+01	1.2286267522E-05	1.2180130615E+03	1.6787157605E-12
2.5837145000E+06	1.1742077289E+11	2.4400463882E+03	5.3616941435E+03	1.0420604140E+01	1.2266781029E-05	1.2179541503E+03	1.6758006410E-12
2.5893192500E+06	1.1773399351E+11	2.4414815910E+03	5.3644180649E+03	1.0426257130E+01	1.2247328606E-05	1.2178954834E+03	1.6728905820E-12
2.5949237500E+06	1.1804754760E+11	2.4429161142E+03	5.3671410174E+03	1.0431980709E+01	1.2227953253E-05	1.2178369384E+03	1.6699915954E-12
2.6005282500E+06	1.1836142685E+11	2.4443500963E+03	5.3698639623E+03	1.0437728686E+01	1.2208602511E-05	1.2177784913E+03	1.6670963465E-12
2.6061330000E+06	1.1867564449E+11	2.4457834476E+03	5.3725864264E+03	1.0443555833E+01	1.2189336298E-05	1.2177203369E+03	1.6642132544E-12
2.6117375000E+06	1.1899019385E+11	2.4472162578E+03	5.3753088830E+03	1.0449402038E+01	1.2170086692E-05	1.2176621583E+03	1.6613327289E-12
2.6173420000E+06	1.1930508160E+11	2.4486485837E+03	5.3780308589E+03	1.0455339431E+01	1.2150926162E-05	1.2176042725E+03	1.6584650542E-12
2.6229467500E+06	1.1962031177E+11	2.4500804214E+03	5.3807530301E+03	1.0461288077E+01	1.2131774728E-05	1.2175463622E+03	1.6555988973E-12
2.6285512500E+06	1.1993587530E+11	2.4515115714E+03	5.3834757797E+03	1.0467336460E+01	1.2112711567E-05	1.2174888184E+03	1.6527454335E-12
2.6341560000E+06	1.2025177721E+11	2.4529423837E+03	5.3865498109E+03	1.0473387722E+01	1.2114062229E-05	1.2175804463E+03	1.6506377508E-12
2.6397605000E+06	1.2056815994E+11	2.4543867661E+03	5.3969507682E+03	1.0479500192E+01	1.2536207703E-05	1.2207506804E+03	1.6639021409E-12
2.6453650000E+06	1.2088538077E+11	2.4558791995E+03	5.4074140656E+03	1.0485612107E+01	1.2966177688E-05	1.2239794443E+03	1.6774720543E-12
2.6509697500E+06	1.2120345357E+11	2.4574308128E+03	5.4243692620E+03	1.0491733369E+01	1.3779336449E-05	1.2300787927E+03	1.7060054506E-12
2.6565742500E+06	1.2152271496E+11	2.4590719723E+03	5.4411462866E+03	1.0497854613E+01	1.4602227567E-05	1.2362510973E+03	1.7349189513E-12
2.6621787500E+06	1.2184296684E+11	2.4607812517E+03	5.4450893583E+03	1.0504008299E+01	1.4614492988E-05	1.2364335937E+03	1.7332444044E-12
2.6677835000E+06	1.2216361267E+11	2.4624934559E+03	5.4479898419E+03	1.0510163494E+01	1.4590723746E-05	1.2363498047E+03	1.7302100960E-12
2.6733880000E+06	1.2248461658E+11	2.4642051767E+03	5.4508903336E+03	1.0516404155E+01	1.4567075219E-05	1.2362664306E+03	1.7271909363E-12
2.6789925000E+06	1.2280598539E+11	2.4659165045E+03	5.4537910166E+03	1.0522651102E+01	1.4543436001E-05	1.2361830322E+03	1.7241728867E-12
2.6845972500E+06	1.2312771302E+11	2.4676273928E+03	5.4566913090E+03	1.0529008676E+01	1.4519915200E-05	1.2361000000E+03	1.7211696907E-12
2.6902017500E+06	1.2344981092E+11	2.4693376464E+03	5.4595917967E+03	1.0535377502E+01	1.4496406040E-05	1.2360170898E+03	1.7181680342E-12
2.6958062500E+06	1.2377226928E+11	2.4710476070E+03	5.4624922844E+03	1.0541853522E+01	1.4473008384E-05	1.2359345459E+03	1.7151803206E-12
2.7014110000E+06	1.2409510610E+11	2.4727573234E+03	5.4653930650E+03	1.0548343846E+01	1.4449624370E-05	1.2358520020E+03	1.7121942333E-12
2.7070155000E+06	1.2441830501E+11	2.4744663074E+03	5.4682944316E+03	1.0554929920E+01	1.4426345494E-05	1.2357697754E+03	1.7092212865E-12
2.7126200000E+06	1.2474188120E+11	2.4761750497E+03	5.4711961929E+03	1.0561529544E+01	1.4403080774E-05	1.2356877441E+03	1.7062502004E-12
2.7182247500E+06	1.2506583050E+11	2.4778833013E+03	5.4740986337E+03	1.0568222048E+01	1.4379917950E-05	1.2356058349E+03	1.7032918036E-12
2.7238292500E+06	1.2539015663E+11	2.4795913088E+03	5.4770015628E+03	1.0574926949E+01	1.4356770041E-05	1.2355241699E+03	1.7003353150E-12
2.7294337500E+06	1.2571486450E+11	2.4812989744E+03	5.4799049801E+03	1.0581729125E+01	1.4333722177E-05	1.2354427490E+03	1.6973913381E-12
2.7350385000E+06	1.2603995412E+11	2.4830062006E+03	5.4828088858E+03	1.0588545606E+01	1.4310688865E-05	1.2353613282E+03	1.6944491826E-12
2.7406430000E+06	1.2636542736E+11	2.4847131351E+03	5.4857137700E+03	1.0595463945E+01	1.4287755217E-05	1.2352802734E+03	1.6915195585E-12
2.7462477500E+06	1.2669127884E+11	2.4864196777E+03	5.4886191405E+03	1.0602397918E+01	1.4264836864E-05	1.2351993408E+03	1.6885917578E-12
2.7518522500E+06	1.2701752189E+11	2.4881259273E+03	5.4915249993E+03	1.0609437941E+01	1.4242017829E-05	1.2351185791E+03	1.6856764689E-12
2.7574567500E+06	1.2734415512E+11	2.4898316899E+03	5.4944313484E+03	1.0616492273E+01	1.4219213330E-05	1.2350380127E+03	1.6827629126E-12
2.7630615000E+06	1.2767117805E+11	2.4915373048E+03	5.4973381837E+03	1.0623653603E+01	1.4196509436E-05	1.2349577148E+03	1.6798620653E-12
2.7686660000E+06	1.2799859092E+11	2.4932425290E+03	5.5002454097E+03	1.0630827712E+01	1.4173817002E-05	1.2348774170E+03	1.6769626707E-12
2.7742705000E+06	1.2832640204E+11	2.4949475097E+03	5.5031538085E+03	1.0638109207E+01	1.4151227333E-05	1.2347974854E+03	1.6740760254E-12
2.7798752500E+06	1.2865461457E+11	2.4966522463E+03	5.5060622074E+03	1.0645399857E+01	1.4128646214E-05	1.2347176758E+03	1.6711906378E-12
2.7854797500E+06	1.2898322511E+11	2.4983567381E+03	5.5089715818E+03	1.0652802085E+01	1.4106167511E-05	1.2346380371E+03	1.6683179363E-12
2.7910842500E+06	1.2931223390E+11	2.5000608888E+03	5.5118814455E+03	1.0660211945E+01	1.4083695895E-05	1.2345585449E+03	1.6654461012E-12
2.7966890000E+06	1.2964164896E+11	2.5017647461E+03	5.5147922852E+03	1.0667739868E+01	1.4061325600E-05	1.2344793213E+03	1.6625871469E-12
2.8022935000E+06	1.2997147034E+11	2.5034685059E+03	5.5177036133E+03	1.0675271988E+01	1.4038959307E-05	1.2344001465E+03	1.6597285612E-12
