# This ASPECT-compatible file contains material properties calculated along an isentrope by the BurnMan software.
# POINTS: 301 
# depth (m), pressure (Pa), temperature (K), density (kg/m^3), gravity (m/s^2), thermal expansivity (1/K), specific heat (J/K/kg), compressibility (1/Pa), seismic Vs (m/s), seismic Vp (m/s), seismic dVs/dT (m/s/K), seismic dVp/dT (m/s/K)
depth                   pressure                temperature             density                 gravity                 thermal_expansivity     specific_heat           compressibility 	seismic_Vs              seismic_Vp              seismic_dVs_dT          seismic_dVp_dT
0.0000000000e+00	9.9999999587e+04	1.5485933925e+03	3.1559378466e+03	9.8100000000e+00	2.4488221631e-05	1.2993062464e+03	2.2141714830e-11	3.1488227898e+03	6.5173338584e+03	1.5059000000e+00	1.3139000000e+00
9.8984177925e+03	3.0973611979e+08	1.5515994956e+03	3.1797722294e+03	9.8141580602e+00	1.9691967849e-05	1.2977261268e+03	2.1717711101e-11	3.8522507319e+03	7.0495627754e+03	5.6346869336e-01	6.4260788375e-02
1.9796835585e+04	6.2192836711e+08	1.5547828726e+03	3.2044994810e+03	9.8182304106e+00	2.0610176789e-05	1.2942915213e+03	2.0525684560e-11	4.2537728762e+03	7.3657564503e+03	-5.6029997626e-02	-6.1966833430e-01
2.9695253377e+04	9.3617903305e+08	1.5581508833e+03	3.2299839397e+03	9.8222058517e+00	2.7426152624e-05	1.2889973520e+03	1.8544078051e-11	4.3438002696e+03	7.4590313049e+03	-3.4061441456e-01	-7.2045996239e-01
3.9593671170e+04	1.2520630214e+09	1.5624865510e+03	3.2424931043e+03	9.8260334460e+00	3.7695683636e-05	1.2881202181e+03	1.6222518046e-11	4.3577753965e+03	7.5015072867e+03	-3.8751874154e-01	-7.2582549864e-01
4.9492088962e+04	1.5694409675e+09	1.5674141940e+03	3.2538919595e+03	9.8298145049e+00	4.5844299967e-05	1.2892560483e+03	1.4760665868e-11	4.3691990710e+03	7.5422482440e+03	-4.3437877127e-01	-8.1837918270e-01
5.9390506755e+04	1.8882973683e+09	1.5729266284e+03	3.2646940127e+03	9.8335496951e+00	5.1788727875e-05	1.2919703522e+03	1.4111685620e-11	4.3788851737e+03	7.5833950960e+03	-4.7889236388e-01	-9.7770319668e-01
6.9288924547e+04	2.2086462396e+09	1.5792964148e+03	3.2807794593e+03	9.8372092284e+00	5.3088722412e-05	1.2919455161e+03	1.4222622669e-11	4.3956653822e+03	7.6513200624e+03	-4.9127614820e-01	-9.9610039197e-01
7.9187342340e+04	2.5304341386e+09	1.5856970137e+03	3.2964008608e+03	9.8408304380e+00	5.3429153772e-05	1.2903746576e+03	1.3867685618e-11	4.4120058308e+03	7.7167963608e+03	-4.6961441876e-01	-9.1964472055e-01
8.9085760132e+04	2.8535799954e+09	1.5920457009e+03	3.3110713764e+03	9.8444188649e+00	5.2714330739e-05	1.2872294816e+03	1.3153387681e-11	4.4271975346e+03	7.7773086296e+03	-4.2809892181e-01	-7.8569429884e-01
9.8984177925e+04	3.1779982036e+09	1.5980127993e+03	3.3223794147e+03	9.8479544492e+00	4.9756231646e-05	1.2811139728e+03	1.2126450329e-11	4.4379437439e+03	7.8203995109e+03	-3.9618539719e-01	-6.6749468634e-01
1.0888259572e+05	3.5036179460e+09	1.6035951978e+03	3.3337202608e+03	9.8514510341e+00	4.6429441457e-05	1.2731452955e+03	1.1340977378e-11	4.4489786356e+03	7.8634698280e+03	-3.8508141381e-01	-6.2615966390e-01
1.1878101351e+05	3.8303804970e+09	1.6089546790e+03	3.3451382211e+03	9.8549213249e+00	4.2927526868e-05	1.2643167621e+03	1.0653228493e-11	4.4602607425e+03	7.9068406512e+03	-3.8184097326e-01	-6.1385727521e-01
1.2867943130e+05	4.1582389138e+09	1.6141192284e+03	3.3566913312e+03	9.8583581267e+00	3.9345111787e-05	1.2551174324e+03	9.9827677267e-12	4.4718539274e+03	7.9508732736e+03	-3.7866542746e-01	-6.0176397230e-01
1.3857784909e+05	4.4871594295e+09	1.6187378051e+03	3.3659731688e+03	9.8617560510e+00	3.6991073435e-05	1.2486868731e+03	9.3171590335e-12	4.4803031454e+03	7.9834996975e+03	-3.7639819543e-01	-5.9342072204e-01
1.4847626689e+05	4.8171226754e+09	1.6231046914e+03	3.3748976327e+03	9.8651340032e+00	3.5673046475e-05	1.2457949325e+03	8.8259435247e-12	4.4882984638e+03	8.0143354167e+03	-3.7410778716e-01	-5.8542487005e-01
1.5837468468e+05	5.1481182830e+09	1.6272659788e+03	3.3837847072e+03	9.8684923883e+00	3.5424915167e-05	1.2468709016e+03	8.5685004073e-12	4.4962921458e+03	8.0449927370e+03	-3.7165438805e-01	-5.7724886484e-01
1.6827310247e+05	5.4801401747e+09	1.6314669353e+03	3.3925590924e+03	9.8718166281e+00	3.6062297434e-05	1.2523341862e+03	8.8513190514e-12	4.5041309190e+03	8.0751083789e+03	-3.6971917339e-01	-5.7036652054e-01
1.7817152026e+05	5.8131809954e+09	1.6359931576e+03	3.4017335083e+03	9.8751240322e+00	3.6083496870e-05	1.2568010868e+03	9.2346405456e-12	4.5124874078e+03	8.1067847405e+03	-3.6743708422e-01	-5.6265028997e-01
1.8806993806e+05	6.1472327599e+09	1.6407651805e+03	3.4121297116e+03	9.8784169039e+00	3.5324196805e-05	1.2593141798e+03	9.5459965042e-12	4.5225801494e+03	8.1434431260e+03	-3.6476817432e-01	-5.5360561166e-01
1.9796835585e+05	6.4822869602e+09	1.6457275018e+03	3.4256649053e+03	9.8816902462e+00	3.3198692778e-05	1.2574247491e+03	9.4493289642e-12	4.5372297271e+03	8.1930337681e+03	-3.6149899931e-01	-5.4185955653e-01
2.0786677364e+05	6.8183343614e+09	1.6502918568e+03	3.4347974095e+03	9.8849430255e+00	3.1227839225e-05	1.2548724533e+03	8.9873239235e-12	4.5457477614e+03	8.2243884456e+03	-3.3932680391e-01	-5.1627703001e-01
2.1776519143e+05	7.1553650468e+09	1.6545238333e+03	3.4431011666e+03	9.8881845546e+00	2.9585861209e-05	1.2511425938e+03	8.5772070050e-12	4.5532350097e+03	8.2524441943e+03	-3.2416467971e-01	-4.9855357522e-01
2.2766360923e+05	7.4933684426e+09	1.6584286059e+03	3.4515572735e+03	9.8914149819e+00	2.8316457799e-05	1.2461974082e+03	8.3140527321e-12	4.5610468666e+03	8.2810689698e+03	-3.2327086771e-01	-4.9459420009e-01
2.3756202702e+05	7.8323332822e+09	1.6621009451e+03	3.4623108109e+03	9.8946255767e+00	2.7260160495e-05	1.2415926457e+03	8.1497821015e-12	4.5716660514e+03	8.3166222417e+03	-3.4600089737e-01	-5.0921328208e-01
2.4746044481e+05	8.1722475419e+09	1.6657151886e+03	3.4715491851e+03	9.8978239376e+00	2.6498640461e-05	1.2407329234e+03	7.8700159124e-12	4.5803195028e+03	8.3471233536e+03	-3.5146990385e-01	-5.0953387043e-01
2.5735886260e+05	8.5130986576e+09	1.6692808903e+03	3.4799964248e+03	9.9010123287e+00	2.6292857420e-05	1.2433333828e+03	7.5946097382e-12	4.5879522842e+03	8.3749753189e+03	-3.4972278123e-01	-5.0414152755e-01
2.6725728040e+05	8.8548730128e+09	1.6727966562e+03	3.4881417291e+03	9.9041895937e+00	2.6958796501e-05	1.2497162460e+03	7.4275510198e-12	4.5952064698e+03	8.4017980025e+03	-3.4821897302e-01	-4.9948851058e-01
2.7715569819e+05	9.1975570348e+09	1.6763587467e+03	3.4962077549e+03	9.9073471108e+00	2.8934803519e-05	1.2584207092e+03	7.6026533810e-12	4.6023391301e+03	8.4282660937e+03	-3.4655994081e-01	-4.9453484307e-01
2.8705411598e+05	9.5411437233e+09	1.6801373243e+03	3.5046161848e+03	9.9104940879e+00	3.0388762366e-05	1.2645805096e+03	7.9272633074e-12	4.6100353323e+03	8.4558648464e+03	-3.2196205615e-01	-4.5120420812e-01
2.9695253377e+05	9.8856390639e+09	1.6841709791e+03	3.5138829156e+03	9.9136301619e+00	3.0575957250e-05	1.2661080797e+03	8.2784117329e-12	4.6229205409e+03	8.4894847069e+03	-3.0196997568e-01	-4.0625876580e-01
3.0685095157e+05	1.0231064145e+10	1.6885497878e+03	3.5250657305e+03	9.9167518602e+00	2.8050502451e-05	1.2588069705e+03	8.4363330562e-12	4.6504338598e+03	8.5391064923e+03	-3.4174322388e-01	-4.3298486216e-01
3.1674936936e+05	1.0577454080e+10	1.6929347174e+03	3.5354391160e+03	9.9198537440e+00	2.1729492266e-05	1.2593502605e+03	8.3303202951e-12	4.6751176596e+03	8.5842430411e+03	-3.4038064446e-01	-4.4739328999e-01
3.2664778715e+05	1.0924851019e+10	1.6968063347e+03	3.5443463865e+03	9.9229422686e+00	8.0926772977e-06	1.2683355397e+03	8.4893074924e-12	4.6900419834e+03	8.6178390713e+03	-3.3669261635e-01	-4.5109057107e-01
3.3654620494e+05	1.1273290796e+10	1.7000574550e+03	3.5527340824e+03	9.9260162150e+00	-1.2975642376e-05	1.2858303237e+03	8.9332886922e-12	4.6976391558e+03	8.6437638117e+03	-3.3489976434e-01	-4.4705887862e-01
3.4644462274e+05	1.1622807006e+10	1.7025537772e+03	3.5634007181e+03	9.9290685433e+00	-4.0836369432e-05	1.3121497229e+03	9.5400845121e-12	4.7067263400e+03	8.6747890232e+03	-3.3279767523e-01	-4.4256509940e-01
3.5634304053e+05	1.1973430399e+10	1.7047600597e+03	3.5765411422e+03	9.9320900855e+00	-5.5045070367e-05	1.3346461746e+03	9.6374141364e-12	4.7172677997e+03	8.7111239125e+03	-3.2969442799e-01	-4.3678657872e-01
3.6624145832e+05	1.2325123299e+10	1.7071838751e+03	3.5868601315e+03	9.9350851362e+00	-5.0908714499e-05	1.3543784300e+03	1.0220901311e-11	4.7260481210e+03	8.7409916429e+03	-3.2736986133e-01	-4.3215790045e-01
3.7613987611e+05	1.2678006511e+10	1.7101708548e+03	3.5957891687e+03	9.9380530753e+00	-2.8654965824e-05	1.3721116959e+03	1.2217954469e-11	4.7335651764e+03	8.7671526027e+03	-2.1823580703e-01	1.0063071419e-01
3.8603829391e+05	1.3031892648e+10	1.7143786625e+03	3.6092212502e+03	9.9409862180e+00	9.0866566575e-06	1.3893159159e+03	1.7558563430e-11	4.7424498514e+03	8.8016275232e+03	2.7194741943e-01	2.5080794857e+00
3.9593671170e+05	1.3386457535e+10	1.7208762858e+03	3.6280560656e+03	9.9438963027e+00	2.1662076423e-05	1.3605322192e+03	2.4334749052e-11	4.7647955948e+03	8.8567963758e+03	-1.1550713013e-01	5.8702169099e-01
4.0583512949e+05	1.3745690020e+10	1.7291821174e+03	3.6893050081e+03	9.9464654455e+00	1.9552235857e-05	1.3095822148e+03	2.7066471910e-11	4.9097563275e+03	9.0942510465e+03	-3.0525825599e-01	-3.4083982689e-01
4.1573354728e+05	1.4111833476e+10	1.7381840619e+03	3.7562269279e+03	9.9486514382e+00	1.3181506002e-05	1.2584341468e+03	2.4509812522e-11	5.0756234474e+03	9.3603559312e+03	-2.7844052929e-01	-2.7128855087e-01
4.2563196508e+05	1.4482419015e+10	1.7459977924e+03	3.7665693190e+03	9.9504809886e+00	1.6624679160e-05	1.2362345883e+03	1.6676870059e-11	5.0884707096e+03	9.3931437218e+03	-2.3127034881e-01	-2.9222422646e-01
4.3553038287e+05	1.4852963096e+10	1.7505933197e+03	3.7735462629e+03	9.9523616301e+00	2.0105754947e-05	1.2277917006e+03	1.0745092244e-11	5.0947227884e+03	9.4143440314e+03	-1.7930950723e-01	-2.2482239308e-01
4.4542880066e+05	1.5224148044e+10	1.7539696803e+03	3.7829019496e+03	9.9542195191e+00	2.2773907419e-05	1.2229465699e+03	8.3837094953e-12	5.1080574420e+03	9.4455163620e+03	-1.6450262534e+00	-2.3300042753e+00
4.5532721845e+05	1.5596569024e+10	1.7567991404e+03	3.7942007213e+03	9.9560519228e+00	2.4235687236e-05	1.2200809391e+03	7.5475790690e-12	5.1272958601e+03	9.4848002351e+03	-1.9183556119e+00	-2.7180212762e+00
4.6522563625e+05	1.5970192554e+10	1.7594721201e+03	3.8058356180e+03	9.9578581095e+00	2.4387794929e-05	1.2185205929e+03	7.0477588604e-12	5.1476619191e+03	9.5254265508e+03	-8.9732864777e-01	-1.2459579430e+00
4.7512405404e+05	1.6344890197e+10	1.7622372356e+03	3.8152506009e+03	9.9596422207e+00	2.3429167592e-05	1.2180856748e+03	6.1712454218e-12	5.1614613975e+03	9.5566450169e+03	-3.0825584856e-01	-3.9770571883e-01
4.8502247183e+05	1.6720401760e+10	1.7652203460e+03	3.8219741781e+03	9.9614101558e+00	2.2698545641e-05	1.2183544549e+03	5.4443419510e-12	5.1674031645e+03	9.5766136054e+03	-3.0571845565e-01	-3.9352680182e-01
4.9492088962e+05	1.7096585398e+10	1.7684652560e+03	3.8286507905e+03	9.9631812875e+00	2.3942833725e-05	1.2226004225e+03	5.4737367966e-12	5.1732148909e+03	9.5963733499e+03	-3.0419914785e-01	-3.9057966121e-01
5.0481930742e+05	1.7473397294e+10	1.7722387593e+03	3.8352623159e+03	9.9649670799e+00	2.8831202777e-05	1.2358743091e+03	6.3714453538e-12	5.1788490076e+03	9.6158645324e+03	-3.0414268246e-01	-3.8946336379e-01
5.1471772521e+05	1.7850889125e+10	1.7770530607e+03	3.8426322762e+03	9.9667661042e+00	3.7434487419e-05	1.2586139956e+03	8.2038892125e-12	5.1864187951e+03	9.6381314172e+03	-3.9607782934e-01	-5.1917934958e-01
5.2461614300e+05	1.8229255055e+10	1.7835266863e+03	3.8525016939e+03	9.9685628165e+00	4.7627265031e-05	1.2851898901e+03	1.0845305815e-11	5.2003430665e+03	9.6694314976e+03	-6.8177015694e-01	-9.2543864779e-01
5.3451456079e+05	1.8609013068e+10	1.7922508207e+03	3.8710068042e+03	9.9702786427e+00	4.6314274652e-05	1.2804655805e+03	1.2900181071e-11	5.2358431399e+03	9.7305238950e+03	-8.6784349941e-01	-1.1975608801e+00
5.4441297858e+05	1.8991121913e+10	1.8016520889e+03	3.8989189042e+03	9.9718605604e+00	3.5930834677e-05	1.2519586065e+03	1.2422821603e-11	5.2945085194e+03	9.8232098290e+03	-4.6806427577e-01	-6.3677109643e-01
5.5431139638e+05	1.9375672737e+10	1.8096786533e+03	3.9157950033e+03	9.9733465757e+00	2.7939051978e-05	1.2316631710e+03	1.0373250411e-11	5.3241032337e+03	9.8751664928e+03	-3.1444485325e-01	-4.1373777190e-01
5.6420981417e+05	1.9761696587e+10	1.8158347072e+03	3.9249939134e+03	9.9747746053e+00	2.7192285307e-05	1.2330526861e+03	8.1141764242e-12	5.3339362992e+03	9.8995052122e+03	-3.8221716289e-01	-4.9575591418e-01
5.7410823196e+05	2.0148300908e+10	1.8205741068e+03	3.9334010926e+03	9.9761836545e+00	3.5368091703e-05	1.2631207606e+03	6.8658933276e-12	5.3425545541e+03	9.9222558378e+03	-4.3465272008e-01	-5.5926825756e-01
5.8400664975e+05	2.0535429319e+10	1.8251377799e+03	3.9395709088e+03	9.9776011502e+00	5.1610881418e-05	1.3262139709e+03	7.0519257399e-12	5.3470388714e+03	9.9397533151e+03	-3.5991318966e-01	-4.6722053092e-01
5.9390506755e+05	2.0923340838e+10	1.8306455915e+03	3.9455557172e+03	9.9790329328e+00	6.6600708488e-05	1.4052095660e+03	8.3945227222e-12	5.3510438086e+03	9.9565904346e+03	-2.8067619730e-01	-3.6894314027e-01
6.0380348534e+05	2.1312349365e+10	1.8380723066e+03	3.9600404033e+03	9.9804471025e+00	7.1319946953e-05	1.4683127280e+03	1.0257941899e-11	5.3775663600e+03	9.9997115445e+03	-1.3059138813e+00	-1.5089537213e+00
6.1370190313e+05	2.1702773214e+10	1.8464226422e+03	3.9773054175e+03	9.9818014841e+00	7.2365824207e-05	1.5273242514e+03	1.3150383237e-11	5.4082129734e+03	1.0052974897e+04	-1.4816362009e+00	-1.8215842429e+00
6.2360032092e+05	2.2095036079e+10	1.8546829162e+03	3.9947338638e+03	9.9830704923e+00	7.5454978163e-05	1.5828118410e+03	1.8786193634e-11	5.4393888195e+03	1.0108967307e+04	2.6665026495e-02	-6.5219080471e-01
6.3349873872e+05	2.2488825764e+10	1.8618562360e+03	4.0162706493e+03	9.9842409439e+00	8.4139624046e-05	1.6136450810e+03	2.8331289464e-11	5.4829130752e+03	1.0173477359e+04	1.8818557602e+00	8.4280685241e-01
6.4339715651e+05	2.2885421543e+10	1.8671530362e+03	4.0578548602e+03	9.9852856836e+00	9.7394707276e-05	1.5729047528e+03	4.0386742486e-11	5.5674764080e+03	1.0271911394e+04	1.6306765633e-01	-3.0723816166e-01
6.5329557430e+05	2.3290904567e+10	1.8707583622e+03	4.1881645558e+03	9.9855970754e+00	9.0805220513e-05	1.4604495904e+03	4.4573551717e-11	5.7631129365e+03	1.0487763703e+04	-3.2718566603e+00	-3.8828136476e+00
6.6319399209e+05	2.3707981233e+10	1.8746174561e+03	4.2680294084e+03	9.9850187044e+00	6.9978182456e-05	1.3699974542e+03	3.3879551276e-11	5.8862419238e+03	1.0629368429e+04	-1.1683941854e+00	-1.3486946257e+00
6.7309240989e+05	2.4130149213e+10	1.8792220101e+03	4.2924475953e+03	9.9841200888e+00	5.3048755496e-05	1.3212317561e+03	1.9522008663e-11	5.9253984818e+03	1.0682835999e+04	-5.2375333754e-01	-5.8709758652e-01
6.8299082768e+05	2.4553298706e+10	1.8842166306e+03	4.3044266653e+03	9.9831494306e+00	4.3544626924e-05	1.3005580835e+03	1.0641931060e-11	5.9474639483e+03	1.0718859453e+04	-4.8586013960e-01	-5.4013791401e-01
6.9288924547e+05	2.4977596682e+10	1.8891592726e+03	4.3175585592e+03	9.9821347129e+00	3.8870668440e-05	1.2929275509e+03	6.8737342579e-12	5.9726616570e+03	1.0758569825e+04	-6.1595439319e-01	-6.8567421682e-01
7.0278766326e+05	2.5403173186e+10	1.8936688164e+03	4.3273712562e+03	9.9810811928e+00	3.6763040302e-05	1.2908665118e+03	5.2827921580e-12	5.9890916223e+03	1.0787835756e+04	-8.2628095121e-01	-9.2448813590e-01
7.1268608106e+05	2.5829484356e+10	1.8976881880e+03	4.3330732284e+03	9.9800200722e+00	3.5871761684e-05	1.2891355987e+03	4.7815525575e-12	5.9946385883e+03	1.0804162799e+04	-7.1904952937e-01	-8.0158437488e-01
7.2258449885e+05	2.6256359019e+10	1.9014920416e+03	4.3387785914e+03	9.9789689280e+00	3.5771199585e-05	1.2842806333e+03	5.7945508335e-12	6.0002102224e+03	1.0820486267e+04	-3.2607489391e-01	-3.5251503065e-01
7.3248291664e+05	2.6683651383e+10	1.9053433573e+03	4.3462173160e+03	9.9779271169e+00	3.7366085577e-05	1.2783543941e+03	8.5479960420e-12	6.0105618636e+03	1.0842416015e+04	-3.2487191163e-01	-3.5064775223e-01
7.4238133443e+05	2.7112020482e+10	1.9094671393e+03	4.3622991974e+03	9.9768573993e+00	3.8070456957e-05	1.2701592073e+03	1.1386172321e-11	6.0447003238e+03	1.0892789106e+04	-3.2730919317e-01	-3.5212134873e-01
7.5227975223e+05	2.7543659927e+10	1.9138527737e+03	4.4085026578e+03	9.9755962118e+00	3.2002159106e-05	1.2604172455e+03	1.1335465933e-11	6.1617302404e+03	1.1042342829e+04	-3.4261697118e-01	-3.6373853027e-01
7.6217817002e+05	2.7978276975e+10	1.9180845838e+03	4.4145836068e+03	9.9741227856e+00	2.5841859866e-05	1.2548827843e+03	8.4676675608e-12	6.1687434052e+03	1.1059913326e+04	-3.4079157837e-01	-3.6113082625e-01
7.7207658781e+05	2.8413698955e+10	1.9220110642e+03	4.4287400975e+03	9.9726251723e+00	2.4775027792e-05	1.2532984509e+03	5.9237906640e-12	6.1987676411e+03	1.1105013566e+04	-3.4036308898e-01	-3.5952265714e-01
7.8197500560e+05	2.8849856165e+10	1.9257976240e+03	4.4363834451e+03	9.9711239864e+00	2.4757713124e-05	1.2523499025e+03	4.4275991391e-12	6.2103430005e+03	1.1127919101e+04	-3.4141458290e-01	-3.5949750573e-01
7.9187342340e+05	2.9286820491e+10	1.9295634051e+03	4.4425635812e+03	9.9696235523e+00	2.4743461048e-05	1.2515603712e+03	3.6531061990e-12	6.2177735525e+03	1.1145825260e+04	-3.4064360170e-01	-3.5822068593e-01
8.0177184119e+05	2.9724496612e+10	1.9333247396e+03	4.4486138291e+03	9.9681266681e+00	2.4644697669e-05	1.2511425497e+03	3.3779777004e-12	6.2248405513e+03	1.1163279158e+04	-3.3895745100e-01	-3.5622426355e-01
8.1167025898e+05	3.0162814824e+10	1.9370736216e+03	4.4546505136e+03	9.9666352685e+00	2.4521465652e-05	1.2511241792e+03	3.3041766519e-12	6.2318764482e+03	1.1180670060e+04	-3.3711651327e-01	-3.5434906027e-01
8.2156867677e+05	3.0601725111e+10	1.9408004210e+03	4.4606729475e+03	9.9651505766e+00	2.4398414131e-05	1.2514962001e+03	3.2781271338e-12	6.2388878738e+03	1.1198001620e+04	-3.3565256082e-01	-3.5224844497e-01
8.3146709457e+05	3.1041204206e+10	1.9445126383e+03	4.4666806517e+03	9.9636733089e+00	2.4274989253e-05	1.2518225933e+03	3.2601794645e-12	6.2458689758e+03	1.1215273678e+04	-3.3410794325e-01	-3.5002882206e-01
8.4136551236e+05	3.1481249867e+10	1.9482185062e+03	4.4726741479e+03	9.9622039971e+00	2.4147302226e-05	1.2515785643e+03	3.2427766059e-12	6.2528132382e+03	1.1232481991e+04	-3.3257632587e-01	-3.4832046732e-01
8.5126393015e+05	3.1921864900e+10	1.9519149780e+03	4.4786536870e+03	9.9607431479e+00	2.4016277634e-05	1.2508028989e+03	3.2256467423e-12	6.2597226084e+03	1.1249628128e+04	-3.3112900839e-01	-3.4663081398e-01
8.6116234794e+05	3.2363049095e+10	1.9555990249e+03	4.4846194140e+03	9.9592912538e+00	2.3885744941e-05	1.2498686929e+03	3.2088133408e-12	6.2665991068e+03	1.1266714020e+04	-3.2942071146e-01	-3.4454811730e-01
8.7106076574e+05	3.2804803772e+10	1.9592754349e+03	4.4905715905e+03	9.9578487875e+00	2.3757859781e-05	1.2490048226e+03	3.1919576564e-12	6.2734404420e+03	1.1283735578e+04	-3.2791954897e-01	-3.4278109742e-01
8.8095918353e+05	3.3247129176e+10	1.9629494869e+03	4.4965089591e+03	9.9564162075e+00	2.3633325364e-05	1.2483884797e+03	3.1749692459e-12	6.2802470667e+03	1.1300693113e+04	-3.2666120490e-01	-3.4101179464e-01
8.9085760132e+05	3.3690025324e+10	1.9666145709e+03	4.5024312943e+03	9.9549939578e+00	2.3510732443e-05	1.2479529528e+03	3.1582642772e-12	6.2870267343e+03	1.1317593964e+04	-3.2498076833e-01	-3.3921450966e-01
9.0075601911e+05	3.4133491758e+10	1.9702566284e+03	4.5083413711e+03	9.9535824719e+00	2.3389723864e-05	1.2475156982e+03	3.1419614496e-12	6.2937804608e+03	1.1334439626e+04	-3.2337787511e-01	-3.3735208267e-01
9.1065443691e+05	3.4577527596e+10	1.9738832459e+03	4.5142381382e+03	9.9521821670e+00	2.3271815190e-05	1.2471021885e+03	3.1256586850e-12	6.3005053580e+03	1.1351231398e+04	-3.2213666780e-01	-3.3569019743e-01
9.2055285470e+05	3.5022131523e+10	1.9774989563e+03	4.5201220140e+03	9.9507934412e+00	2.3158754368e-05	1.2468891102e+03	3.1095621545e-12	6.3072003910e+03	1.1367960729e+04	-3.2063950775e-01	-3.3391178053e-01
9.3045127249e+05	3.5467301851e+10	1.9811127442e+03	4.5259892236e+03	9.9494166767e+00	2.3047622317e-05	1.2470210707e+03	3.0938415743e-12	6.3138590521e+03	1.1384624743e+04	-3.1941809230e-01	-3.3213005706e-01
9.4034969028e+05	3.5913036584e+10	1.9847104122e+03	4.5318426813e+03	9.9480529293e+00	2.2935926794e-05	1.2471363946e+03	3.0781914459e-12	6.3204880575e+03	1.1401235034e+04	-3.1789622524e-01	-3.2951932654e-01
9.5024810808e+05	3.6359333772e+10	1.9882955066e+03	4.5376832900e+03	9.9467018857e+00	2.2827139026e-05	1.2472342133e+03	3.0627249678e-12	6.3270887448e+03	1.1417789976e+04	-3.1637852277e-01	-3.2757460831e-01
9.6014652587e+05	3.6806191596e+10	1.9918709921e+03	4.5435119102e+03	9.9453638576e+00	2.2720538189e-05	1.2472764589e+03	3.0475094251e-12	6.3336527656e+03	1.1434279060e+04	-3.1520730619e-01	-3.2664578808e-01
9.7004494366e+05	3.7253608165e+10	1.9954432476e+03	4.5493267808e+03	9.9440391764e+00	2.2611637146e-05	1.2470692656e+03	3.0321232747e-12	6.3401899546e+03	1.1450716082e+04	-3.1373798780e-01	-3.2498586800e-01
9.7994336145e+05	3.7701581659e+10	1.9989991304e+03	4.5551293017e+03	9.9427282823e+00	2.2502074834e-05	1.2468318479e+03	3.0166981779e-12	6.3467045420e+03	1.1467103008e+04	-3.1226221344e-01	-3.2319397284e-01
9.8984177925e+05	3.8150110251e+10	2.0025343678e+03	4.5609176142e+03	9.9414315696e+00	2.2392277683e-05	1.2465973061e+03	3.0017804425e-12	6.3532081631e+03	1.1483450486e+04	-3.0706448403e-01	-3.1839953583e-01
9.9974019704e+05	3.8599192146e+10	2.0060541929e+03	4.5666927673e+03	9.9401494168e+00	2.2284208150e-05	1.2463694343e+03	2.9871310991e-12	6.3596910038e+03	1.1499750896e+04	-3.0427642069e-01	-3.1527107807e-01
1.0096386148e+06	3.9048825580e+10	2.0095734850e+03	4.5724548607e+03	9.9388822081e+00	2.2176497920e-05	1.2459244643e+03	2.9724333313e-12	6.3661416425e+03	1.1515996362e+04	-3.0674909203e-01	-3.1703324970e-01
1.0195370326e+06	3.9499008824e+10	2.0130888917e+03	4.5782057875e+03	9.9376303306e+00	2.2068778054e-05	1.2453140934e+03	2.9578468220e-12	6.3725517176e+03	1.1532177974e+04	-3.0722475990e-01	-3.1700425937e-01
1.0294354504e+06	3.9949740167e+10	2.0165930142e+03	4.5839450304e+03	9.9363941740e+00	2.1961941285e-05	1.2446680314e+03	2.9435187087e-12	6.3789300550e+03	1.1548302970e+04	-3.0583482828e-01	-3.1520133279e-01
1.0393338682e+06	4.0401017939e+10	2.0200856345e+03	4.5896724865e+03	9.9351741307e+00	2.1855656818e-05	1.2440236605e+03	2.9293440327e-12	6.3852804889e+03	1.1564374039e+04	-3.0465782830e-01	-3.1396967793e-01
1.0492322860e+06	4.0852840497e+10	2.0235726646e+03	4.5953884613e+03	9.9339705959e+00	2.1749182164e-05	1.2434319875e+03	2.9152598221e-12	6.3915966631e+03	1.1580385958e+04	-3.0343447502e-01	-3.1258892906e-01
1.0591307038e+06	4.1305206224e+10	2.0270582189e+03	4.6010913213e+03	9.9327839677e+00	2.1643736633e-05	1.2429808784e+03	2.9012571879e-12	6.3978861259e+03	1.1596347409e+04	-3.0202697846e-01	-3.1077946496e-01
1.0690291216e+06	4.1758113529e+10	2.0305343876e+03	4.6067812096e+03	9.9316146468e+00	2.1540397324e-05	1.2426148002e+03	2.8872633196e-12	6.4041545210e+03	1.1612262463e+04	-3.0086663663e-01	-3.0896783454e-01
1.0789275394e+06	4.2211560842e+10	2.0339923082e+03	4.6124587250e+03	9.9304630371e+00	2.1439476685e-05	1.2422447259e+03	2.8733651520e-12	6.4103976054e+03	1.1628128727e+04	-2.9976553305e-01	-3.0757702422e-01
1.0888259572e+06	4.2665546646e+10	2.0374338827e+03	4.6181242777e+03	9.9293295452e+00	2.1341372547e-05	1.2418755627e+03	2.8597219078e-12	6.4166151427e+03	1.1643946234e+04	-2.9840357473e-01	-3.0629983215e-01
1.0987243750e+06	4.3120069449e+10	2.0408694021e+03	4.6237780165e+03	9.9282145808e+00	2.1247299026e-05	1.2416729606e+03	2.8463011239e-12	6.4228060160e+03	1.1659710769e+04	-2.9723200550e-01	-3.0492000776e-01
1.1086227928e+06	4.3575127799e+10	2.0443049586e+03	4.6294189951e+03	9.9271185563e+00	2.1156115535e-05	1.2417319251e+03	2.8331032266e-12	6.4289686643e+03	1.1675423210e+04	-2.9616233171e-01	-3.0369977261e-01
1.1185212105e+06	4.4030720281e+10	2.0477342826e+03	4.6350492115e+03	9.9260418874e+00	2.1063829147e-05	1.2418288958e+03	2.8201715846e-12	6.4350995442e+03	1.1691079847e+04	-2.9491205002e-01	-3.0187740147e-01
1.1284196283e+06	4.4486845501e+10	2.0511527744e+03	4.6406688669e+03	9.9249849926e+00	2.0972512769e-05	1.2419345753e+03	2.8072197133e-12	6.4411986296e+03	1.1706679819e+04	-2.9382245219e-01	-3.0005289936e-01
1.1383180461e+06	4.4943502087e+10	2.0545554252e+03	4.6462766848e+03	9.9239482935e+00	2.0883719030e-05	1.2420218401e+03	2.7939238104e-12	6.4472820625e+03	1.1722243519e+04	-2.9265839026e-01	-2.9839019525e-01
1.1482164639e+06	4.5400688696e+10	2.0579448866e+03	4.6518727460e+03	9.9229322150e+00	2.0794525249e-05	1.2419661605e+03	2.7806642361e-12	6.4533485294e+03	1.1737768735e+04	-2.8938425924e-01	-2.9476844675e-01
1.1581148817e+06	4.5858404045e+10	2.0613252532e+03	4.6574562571e+03	9.9219371847e+00	2.0703160196e-05	1.2417208510e+03	2.7678951621e-12	6.4593985619e+03	1.1753255817e+04	-2.8312499615e-01	-2.8767380619e-01
1.1680132995e+06	4.6316646886e+10	2.0646917905e+03	4.6630268196e+03	9.9209636337e+00	2.0612437521e-05	1.2414651002e+03	2.7553129306e-12	6.4654415220e+03	1.1768717057e+04	-2.8175859373e-01	-2.8620030390e-01
1.1779117173e+06	4.6775416000e+10	2.0680433729e+03	4.6685872868e+03	9.9200119962e+00	2.0522787074e-05	1.2412007907e+03	2.7427101513e-12	6.4714620814e+03	1.1784133633e+04	-2.8227508183e-01	-2.8680103961e-01
1.1878101351e+06	4.7234710225e+10	2.0713871400e+03	4.6741375036e+03	9.9190827095e+00	2.0433047753e-05	1.2408780165e+03	2.7303674084e-12	6.4774507764e+03	1.1799496729e+04	-2.8708558977e-01	-2.9248729872e-01
1.1977085529e+06	4.7694528403e+10	2.0747365447e+03	4.6796772833e+03	9.9181762143e+00	2.0340373643e-05	1.2403253633e+03	2.7183430871e-12	6.4833945576e+03	1.1814785135e+04	-2.8586090911e-01	-2.9124914755e-01
1.2076069707e+06	4.8154869407e+10	2.0780879019e+03	4.6852058762e+03	9.9172929546e+00	2.0245848037e-05	1.2396353060e+03	2.7061982283e-12	6.4893068386e+03	1.1830021144e+04	-2.8470276348e-01	-2.8950153169e-01
1.2175053885e+06	4.8615732170e+10	2.0814275839e+03	4.6907253117e+03	9.9164333776e+00	2.0151604228e-05	1.2389407337e+03	2.6939094489e-12	6.4951855941e+03	1.1845200963e+04	-2.8389927209e-01	-2.8776867084e-01
1.2274038063e+06	4.9077115656e+10	2.0847491344e+03	4.6962329024e+03	9.9155979339e+00	2.0057411946e-05	1.2382383602e+03	2.6817675819e-12	6.5010593582e+03	1.1860357902e+04	-2.8269967422e-01	-2.8684590323e-01
1.2373022241e+06	4.9539018877e+10	2.0880565892e+03	4.7017291178e+03	9.9147870775e+00	1.9964839711e-05	1.2375779949e+03	2.6698011886e-12	6.5069100828e+03	1.1875470859e+04	-2.8156068584e-01	-2.8592209618e-01
1.2472006418e+06	5.0001440901e+10	2.0913691917e+03	4.7072127436e+03	9.9140012660e+00	1.9878873118e-05	1.2371969988e+03	2.6580108618e-12	6.5127337280e+03	1.1890537769e+04	-2.8070809147e-01	-2.8488060659e-01
1.2570990596e+06	5.0464380840e+10	2.0946729225e+03	4.7126865036e+03	9.9132409602e+00	1.9795410061e-05	1.2368624872e+03	2.6463383890e-12	6.5185342323e+03	1.1905558051e+04	-2.7957553838e-01	-2.8324381079e-01
1.2669974774e+06	5.0927837717e+10	2.0979625373e+03	4.7181502067e+03	9.9125066245e+00	1.9712770793e-05	1.2365279023e+03	2.6346749233e-12	6.5243146058e+03	1.1920531776e+04	-2.7844890102e-01	-2.8201351218e-01
1.2768958952e+06	5.1391810765e+10	2.1012424888e+03	4.7236036669e+03	9.9117987269e+00	1.9629513912e-05	1.2361915881e+03	2.6232586817e-12	6.5300732767e+03	1.1935467731e+04	-2.7765981194e-01	-2.8014140668e-01
1.2867943130e+06	5.1856299185e+10	2.1045180731e+03	4.7290464809e+03	9.9111177391e+00	1.9546415188e-05	1.2359149981e+03	2.6122718492e-12	6.5358060320e+03	1.1950358664e+04	-2.7654503899e-01	-2.7863933437e-01
1.2966927308e+06	5.2321302222e+10	2.1078048778e+03	4.7344793796e+03	9.9104641361e+00	1.9469004320e-05	1.2359960086e+03	2.6010792809e-12	6.5414960009e+03	1.1965181888e+04	-2.7547035052e-01	-2.7741989545e-01
1.3065911486e+06	5.2786819184e+10	2.1110771550e+03	4.7399023231e+03	9.9098383969e+00	1.9393743116e-05	1.2360878312e+03	2.5894770976e-12	6.5471693748e+03	1.1979966904e+04	-2.7466359683e-01	-2.7689877354e-01
1.3164895664e+06	5.3252849407e+10	2.1143288818e+03	4.7453145567e+03	9.9092410039e+00	1.9320531872e-05	1.2361761132e+03	2.5781481110e-12	6.5528381725e+03	1.1994733110e+04	-2.7354010274e-01	-2.7549443018e-01
1.3263879842e+06	5.3719392275e+10	2.1175643451e+03	4.7507172434e+03	9.9086724436e+00	1.9247921050e-05	1.2362489245e+03	2.5671566371e-12	6.5584882445e+03	1.2009462201e+04	-2.7251875314e-01	-2.7453125072e-01
1.3362864020e+06	5.4186447192e+10	2.1207891863e+03	4.7561107141e+03	9.9081332060e+00	1.9174070470e-05	1.2362805116e+03	2.5561293029e-12	6.5641179456e+03	1.2024148581e+04	-2.7175268005e-01	-2.7329993917e-01
1.3461848198e+06	5.4654013618e+10	2.1240156807e+03	4.7614935425e+03	9.9076237850e+00	1.9097124476e-05	1.2362060443e+03	2.5452666498e-12	6.5697228432e+03	1.2038792460e+04	-2.7063360277e-01	-2.7196917111e-01
1.3560832376e+06	5.5122091077e+10	2.1272298179e+03	4.7668665389e+03	9.9071446772e+00	1.9021413432e-05	1.2361299712e+03	2.5347259743e-12	6.5753086954e+03	1.2053396590e+04	-2.6854187120e-01	-2.7025987595e-01
1.3659816554e+06	5.5590679121e+10	2.1304372428e+03	4.7722292248e+03	9.9066963823e+00	1.8948147242e-05	1.2360649703e+03	2.5242701976e-12	6.5808770892e+03	1.2067969784e+04	-2.6001552784e-01	-2.5902936901e-01
1.3758800732e+06	5.6059777369e+10	2.1336405442e+03	4.7775787890e+03	9.9062794038e+00	1.8874635113e-05	1.2359970520e+03	2.5139691971e-12	6.5864440591e+03	1.2082519458e+04	-2.5865668416e-01	-2.5688057518e-01
1.3857784909e+06	5.6529385467e+10	2.1368417798e+03	4.7829211584e+03	9.9058942485e+00	1.8798528143e-05	1.2358363151e+03	2.5034822494e-12	6.5919571332e+03	1.2096992802e+04	-2.5751798780e-01	-2.5582498736e-01
1.3956769087e+06	5.6999503122e+10	2.1400425744e+03	4.7882496494e+03	9.9055414283e+00	1.8720625361e-05	1.2353980390e+03	2.4925823343e-12	6.5974774717e+03	1.2111467259e+04	-2.5771243994e-01	-2.5595721673e-01
1.4055753265e+06	5.7470130085e+10	2.1432230718e+03	4.7935720843e+03	9.9052214592e+00	1.8645488979e-05	1.2349620185e+03	2.4819067774e-12	6.6029597493e+03	1.2125874899e+04	-2.6506584952e-01	-2.6594975224e-01
1.4154737443e+06	5.7941266145e+10	2.1463887487e+03	4.7988864349e+03	9.9049348610e+00	1.8568778246e-05	1.2345062043e+03	2.4717385629e-12	6.6084212022e+03	1.2140239743e+04	-2.6402934950e-01	-2.6434166696e-01
1.4253721621e+06	5.8412911159e+10	2.1495426589e+03	4.8041919149e+03	9.9046821573e+00	1.8490800834e-05	1.2340386487e+03	2.4617420529e-12	6.6138638514e+03	1.2154571449e+04	-2.6305988940e-01	-2.6324246036e-01
1.4352705799e+06	5.8885065013e+10	2.1526937592e+03	4.8094875202e+03	9.9044638756e+00	1.8415368274e-05	1.2335922053e+03	2.4517962308e-12	6.6192849601e+03	1.2168859963e+04	-2.6235299061e-01	-2.6255713284e-01
1.4451689977e+06	5.9357727652e+10	2.1558595209e+03	4.8147728153e+03	9.9042805469e+00	1.8340925482e-05	1.2331589828e+03	2.4420670835e-12	6.6246770120e+03	1.2183102902e+04	-2.6133133257e-01	-2.6128466556e-01
1.4550674155e+06	5.9830899070e+10	2.1590204670e+03	4.8200508667e+03	9.9041327068e+00	1.8264813152e-05	1.2327067175e+03	2.4321874397e-12	6.6300334843e+03	1.2197285781e+04	-2.6045881614e-01	-2.6033832207e-01
1.4649658333e+06	6.0304579298e+10	2.1621676954e+03	4.8253197706e+03	9.9040208948e+00	1.8189026320e-05	1.2322312885e+03	2.4219676465e-12	6.6353743890e+03	1.2211435810e+04	-2.5979096101e-01	-2.5939096099e-01
1.4748642511e+06	6.0778768433e+10	2.1652966629e+03	4.8305785538e+03	9.9039456547e+00	1.8114037838e-05	1.2317386670e+03	2.4119492647e-12	6.6407155148e+03	1.2225575829e+04	-2.5883617965e-01	-2.5837855769e-01
1.4847626689e+06	6.1253466608e+10	2.1684147609e+03	4.8358288219e+03	9.9039075348e+00	1.8040820538e-05	1.2313279485e+03	2.4022352825e-12	6.6460387597e+03	1.2239681042e+04	-2.5795057280e-01	-2.5724367817e-01
1.4946610867e+06	6.1728674011e+10	2.1715364160e+03	4.8410692115e+03	9.9039070872e+00	1.7972444495e-05	1.2311953688e+03	2.3925423528e-12	6.6513401180e+03	1.2253748136e+04	-2.5724276967e-01	-2.5612228576e-01
1.5045595045e+06	6.2204390874e+10	2.1746491584e+03	4.8463010082e+03	9.9039448688e+00	1.7904514901e-05	1.2310928958e+03	2.3829934917e-12	6.6566227206e+03	1.2267776228e+04	-2.5629133532e-01	-2.5459133531e-01
1.5144579222e+06	6.2680617494e+10	2.1777522286e+03	4.8515241754e+03	9.9040214405e+00	1.7838179706e-05	1.2309917400e+03	2.3736904360e-12	6.6618877690e+03	1.2281770849e+04	-2.5533888143e-01	-2.5363888142e-01
1.5243563400e+06	6.3157354228e+10	2.1808503935e+03	4.8567385912e+03	9.9041373679e+00	1.7774511914e-05	1.2309062626e+03	2.3646216700e-12	6.6671330609e+03	1.2295726768e+04	-2.5451798800e-01	-2.5268540732e-01
1.5342547578e+06	6.3634601527e+10	2.1839497759e+03	4.8619447665e+03	9.9042932210e+00	1.7713479609e-05	1.2309044651e+03	2.3556601123e-12	6.6723391667e+03	1.2309622058e+04	-2.5382664333e-01	-2.5173091208e-01
1.5441531756e+06	6.4112359857e+10	2.1870501044e+03	4.8671438884e+03	9.9044895744e+00	1.7655438060e-05	1.2310678578e+03	2.3462961491e-12	6.6775087949e+03	1.2323457709e+04	-2.5290607554e-01	-2.5077539480e-01
1.5540515934e+06	6.4590629735e+10	2.1901360841e+03	4.8723311798e+03	9.9047270072e+00	1.7598970707e-05	1.2312884568e+03	2.3365322809e-12	6.6826902263e+03	1.2337300239e+04	-2.5211864434e-01	-2.4981885441e-01
1.5639500112e+06	6.5069411743e+10	2.1932035769e+03	4.8775105769e+03	9.9050061032e+00	1.7542240163e-05	1.2314873613e+03	2.3270276044e-12	6.6878609996e+03	1.2351117112e+04	-2.5137516078e-01	-2.4886128977e-01
1.5738484290e+06	6.5548706516e+10	2.1962571350e+03	4.8826825698e+03	9.9053274509e+00	1.7484640739e-05	1.2316713502e+03	2.3179949501e-12	6.6930160181e+03	1.2364898964e+04	-2.5051242961e-01	-2.4790269957e-01
1.5837468468e+06	6.6028514744e+10	2.1993022501e+03	4.8878458278e+03	9.9056916437e+00	1.7427050974e-05	1.2318083124e+03	2.3091103864e-12	6.6981586010e+03	1.2378656892e+04	-2.4416568847e-01	-2.3911010282e-01
1.5936452646e+06	6.6508837173e+10	2.2023454014e+03	4.8929979153e+03	9.9060992797e+00	1.7367956905e-05	1.2317687128e+03	2.3002873176e-12	6.7032999591e+03	1.2392409014e+04	-2.3755998181e-01	-2.2998243697e-01
1.6035436824e+06	6.6989674616e+10	2.2053873626e+03	4.8981398766e+03	9.9065509619e+00	1.7306807619e-05	1.2315978784e+03	2.2917239325e-12	6.7084352441e+03	1.2406142262e+04	-2.3659879417e-01	-2.2902076145e-01
1.6134421002e+06	6.7471027928e+10	2.2084277691e+03	4.9032748728e+03	9.9070472982e+00	1.7245860579e-05	1.2314250854e+03	2.2832611454e-12	6.7135413147e+03	1.2419824157e+04	-2.3558321466e-01	-2.2786450356e-01
1.6233405180e+06	6.7952898049e+10	2.2114645406e+03	4.9084066421e+03	9.9075889016e+00	1.7185783685e-05	1.2312573908e+03	2.2745048861e-12	6.7185898451e+03	1.2433417398e+04	-2.4203090252e-01	-2.3739052233e-01
1.6332389358e+06	6.8435285959e+10	2.2144862369e+03	4.9135309819e+03	9.9081763902e+00	1.7124412315e-05	1.2310796996e+03	2.2654995477e-12	6.7236248532e+03	1.2446981804e+04	-2.4582952136e-01	-2.4300015469e-01
1.6431373535e+06	6.8918192709e+10	2.2175031436e+03	4.9186456626e+03	9.9088103871e+00	1.7055912855e-05	1.2306817070e+03	2.2565799066e-12	6.7286563682e+03	1.2460536062e+04	-2.4502188884e-01	-2.4141833861e-01
1.6530357713e+06	6.9401619402e+10	2.2205156928e+03	4.9237521083e+03	9.9094915206e+00	1.6984754166e-05	1.2301313494e+03	2.2478848278e-12	6.7336708546e+03	1.2474056319e+04	-2.4432549522e-01	-2.4024470711e-01
1.6629341891e+06	6.9885567212e+10	2.2235189385e+03	4.9288511295e+03	9.9102204244e+00	1.6915915586e-05	1.2295719882e+03	2.2394590964e-12	6.7386687898e+03	1.2487546430e+04	-2.4358317792e-01	-2.4000000000e-01
1.6728326069e+06	7.0370037363e+10	2.2265156197e+03	4.9339418715e+03	9.9109977375e+00	1.6849617374e-05	1.2290267791e+03	2.2313261321e-12	6.7436488504e+03	1.2501002455e+04	-2.4273402816e-01	-2.3926003007e-01
1.6827310247e+06	7.0855031155e+10	2.2295117084e+03	4.9390243884e+03	9.9118241042e+00	1.6783943342e-05	1.2284869812e+03	2.2235348373e-12	6.7486110094e+03	1.2514423030e+04	-2.4200793922e-01	-2.3829004321e-01
1.6926294425e+06	7.1340549936e+10	2.2325146895e+03	4.9441047773e+03	9.9127001743e+00	1.6718694205e-05	1.2280339673e+03	2.2155910667e-12	6.7535038247e+03	1.2527739136e+04	-2.4142841345e-01	-2.3662100942e-01
1.7025278603e+06	7.1826595135e+10	2.2355195868e+03	4.9491733643e+03	9.9136266033e+00	1.6658652510e-05	1.2278311799e+03	2.2068022459e-12	6.7584070726e+03	1.2541065231e+04	-2.4061050307e-01	-2.3603438994e-01
1.7124262781e+06	7.2313168204e+10	2.2385068145e+03	4.9542328541e+03	9.9146040520e+00	1.6600570258e-05	1.2276625421e+03	2.1978706065e-12	6.7633163059e+03	1.2554388694e+04	-2.3980016882e-01	-2.3536221634e-01
1.7223246959e+06	7.2800270614e+10	2.2414763245e+03	4.9592854951e+03	9.9156332095e+00	1.6543961795e-05	1.2274929660e+03	2.1894805292e-12	6.7682133455e+03	1.2567690226e+04	-2.3921964937e-01	-2.3439956171e-01
1.7322231137e+06	7.3287903946e+10	2.2444348756e+03	4.9643308826e+03	9.9167168391e+00	1.6487656413e-05	1.2273148386e+03	2.1813598690e-12	6.7730942063e+03	1.2580960680e+04	-2.3843943552e-01	-2.3342429440e-01
1.7421215315e+06	7.3776069824e+10	2.2473850071e+03	4.9693695401e+03	9.9178536017e+00	1.6431801826e-05	1.2271553142e+03	2.1734091714e-12	6.7779604088e+03	1.2594202417e+04	-2.3765836960e-01	-2.3248455208e-01
1.7520199493e+06	7.4264769946e+10	2.2503385171e+03	4.9744003700e+03	9.9190441838e+00	1.6381783407e-05	1.2272565261e+03	2.1658365561e-12	6.7828089523e+03	1.2607412019e+04	-2.3690881026e-01	-2.3195377027e-01
1.7619183671e+06	7.4754006072e+10	2.2532951871e+03	4.9794233341e+03	9.9202892779e+00	1.6333169158e-05	1.2274464494e+03	2.1585597208e-12	6.7876354203e+03	1.2620581483e+04	-2.3633947370e-01	-2.3149208817e-01
1.7718167848e+06	7.5243780005e+10	2.2562544339e+03	4.9844423779e+03	9.9215895825e+00	1.6283088346e-05	1.2276087944e+03	2.1510745700e-12	6.7924191140e+03	1.2633685810e+04	-2.3561003172e-01	-2.3051253968e-01
1.7817152026e+06	7.5734093630e+10	2.2592059265e+03	4.9894566145e+03	9.9229458026e+00	1.6234149094e-05	1.2277646507e+03	2.1429239904e-12	6.7971753590e+03	1.2646742843e+04	-2.3491170294e-01	-2.2953191176e-01
1.7916136204e+06	7.6224948872e+10	2.2621363868e+03	4.9944593074e+03	9.9243586493e+00	1.6188804278e-05	1.2279421594e+03	2.1344755315e-12	6.8019616382e+03	1.2659833871e+04	-2.3434242079e-01	-2.2855020062e-01
1.8015120382e+06	7.6716347728e+10	2.2650548708e+03	4.9994555408e+03	9.9258288405e+00	1.6142308617e-05	1.2280129712e+03	2.1263678068e-12	6.8067337585e+03	1.2672900705e+04	-2.3359718159e-01	-2.2756740225e-01
1.8114104560e+06	7.7208292245e+10	2.2679697177e+03	5.0044445657e+03	9.9273570999e+00	1.6090763976e-05	1.2278744144e+03	2.1186254120e-12	6.8114899730e+03	1.2685939840e+04	-2.3286680964e-01	-2.2658351257e-01
1.8213088738e+06	7.7700784526e+10	2.2708758341e+03	5.0094246544e+03	9.9289441573e+00	1.6038597797e-05	1.2277224277e+03	2.1110618201e-12	6.8162452846e+03	1.2698967566e+04	-2.2590931690e-01	-2.1663686530e-01
1.8312072916e+06	7.8193826741e+10	2.2737751990e+03	5.0143951407e+03	9.9305907494e+00	1.5985886224e-05	1.2275606548e+03	2.1037791277e-12	6.8210052494e+03	1.2711996435e+04	-2.1894530579e-01	-2.0667136479e-01
1.8411057094e+06	7.8687421121e+10	2.2766736912e+03	5.0193579655e+03	9.9322976198e+00	1.5932421434e-05	1.2274043080e+03	2.0969638351e-12	6.8257531663e+03	1.2725003768e+04	-2.1810788639e-01	-2.0607684115e-01
1.8510041272e+06	7.9181569949e+10	2.2795773023e+03	5.0243190229e+03	9.9340655184e+00	1.5878306391e-05	1.2272350830e+03	2.0900194563e-12	6.8304460117e+03	1.2737925777e+04	-2.2608065919e-01	-2.1814459385e-01
1.8609025450e+06	7.9676275576e+10	2.2824901435e+03	5.0292764087e+03	9.9358952023e+00	1.5818939592e-05	1.2268424591e+03	2.0822837608e-12	6.8350965696e+03	1.2750783500e+04	-2.2956212056e-01	-2.2355913523e-01
1.8708009628e+06	8.0171540406e+10	2.2853886179e+03	5.0342252914e+03	9.9377874353e+00	1.5758732065e-05	1.2263362141e+03	2.0742798750e-12	6.8397539190e+03	1.2763642861e+04	-2.2885990861e-01	-2.2223244961e-01
1.8806993806e+06	8.0667366905e+10	2.2882705260e+03	5.0391677925e+03	9.9397429882e+00	1.5700067261e-05	1.2258170490e+03	2.0665925488e-12	6.8444064910e+03	1.2776486526e+04	-2.2816575105e-01	-2.2113201978e-01
1.8905977984e+06	8.1163757595e+10	2.2911410248e+03	5.0441044224e+03	9.9417626388e+00	1.5640530596e-05	1.2252855239e+03	2.0592479641e-12	6.8490465046e+03	1.2789303438e+04	-2.2765525314e-01	-2.2063110806e-01
1.9004962162e+06	8.1660715120e+10	2.2940047282e+03	5.0490350283e+03	9.9438471722e+00	1.5579288820e-05	1.2247432791e+03	2.0523233672e-12	6.8536724111e+03	1.2802100293e+04	-2.2697506263e-01	-2.2000770567e-01
1.9103946339e+06	8.2158242224e+10	2.2968747793e+03	5.0539578037e+03	9.9460003896e+00	1.5520402552e-05	1.2242946068e+03	2.0460358270e-12	6.8582796616e+03	1.2814863840e+04	-2.2627852420e-01	-2.1969426313e-01
1.9202930517e+06	8.2656341677e+10	2.2997680395e+03	5.0588766123e+03	9.9482209349e+00	1.5466826159e-05	1.2240586636e+03	2.0396363174e-12	6.8628398642e+03	1.2827551441e+04	-2.2560692188e-01	-2.1886327063e-01
1.9301914695e+06	8.3155016297e+10	2.3026577683e+03	5.0637955210e+03	9.9505088983e+00	1.5413282899e-05	1.2238164374e+03	2.0321752533e-12	6.8673448354e+03	1.2840155895e+04	-2.2511277251e-01	-2.1770267057e-01
1.9400898873e+06	8.3654268986e+10	2.3055254366e+03	5.0686996955e+03	9.9528650966e+00	1.5360653402e-05	1.2235662431e+03	2.0241401840e-12	6.8719086652e+03	1.2852843359e+04	-2.2448408535e-01	-2.1699999999e-01
1.9499883051e+06	8.4154102701e+10	2.3083735580e+03	5.0735986262e+03	9.9552903543e+00	1.5308337539e-05	1.2233076091e+03	2.0165645956e-12	6.8764617779e+03	1.2865508623e+04	-2.2385034460e-01	-2.1669187703e-01
1.9598867229e+06	8.4654520485e+10	2.3112108083e+03	5.0784916236e+03	9.9577855034e+00	1.5257208291e-05	1.2230829737e+03	2.0095602034e-12	6.8810014534e+03	1.2878147748e+04	-2.2328373231e-01	-2.1603984087e-01
1.9697851407e+06	8.5155525430e+10	2.3140486133e+03	5.0833785827e+03	9.9603513839e+00	1.5211410022e-05	1.2230452117e+03	2.0027593032e-12	6.8855266447e+03	1.2890758437e+04	-2.2262040789e-01	-2.1523834059e-01
1.9796835585e+06	8.5657120720e+10	2.3168871053e+03	5.0882594656e+03	9.9629888438e+00	1.5169974918e-05	1.2231581940e+03	1.9962194365e-12	6.8900375979e+03	1.2903343312e+04	-2.2197110849e-01	-2.1417965140e-01
1.9895819763e+06	8.6159309597e+10	2.3197268027e+03	5.0931345219e+03	9.9656987388e+00	1.5128907905e-05	1.2232744358e+03	1.9902593370e-12	6.8945343693e+03	1.2915905537e+04	-2.2144422819e-01	-2.1337299042e-01
1.9994803941e+06	8.6662095392e+10	2.3225728270e+03	5.0980094790e+03	9.9684819329e+00	1.5088197850e-05	1.2233978185e+03	1.9841803575e-12	6.8989734907e+03	1.2928380012e+04	-2.2086327227e-01	-2.1300000000e-01
2.0093788119e+06	8.7165481519e+10	2.3254144921e+03	5.1028799011e+03	9.9713392980e+00	1.5047980474e-05	1.2235262491e+03	1.9769542989e-12	6.9033928294e+03	1.2940818511e+04	-2.2021014887e-01	-2.1216471294e-01
2.0192772297e+06	8.7669471462e+10	2.3282367420e+03	5.1077399297e+03	9.9742717145e+00	1.5008273375e-05	1.2236469122e+03	1.9693365030e-12	6.9078426225e+03	1.2953296961e+04	-2.1955640809e-01	-2.1112780076e-01
2.0291756475e+06	8.8174068765e+10	2.3310503708e+03	5.1125938073e+03	9.9772800709e+00	1.4968370503e-05	1.2237543750e+03	1.9622407872e-12	6.9122888268e+03	1.2965764805e+04	-2.1910189421e-01	-2.1062226643e-01
2.0390740652e+06	8.8679277068e+10	2.3338532221e+03	5.1174426856e+03	9.9803669740e+00	1.4928425545e-05	1.2238531541e+03	1.9555169261e-12	6.9167232236e+03	1.2978215474e+04	-2.1838563506e-01	-2.0964871241e-01
2.0489724830e+06	8.9185100071e+10	2.3366489843e+03	5.1222857718e+03	9.9835352907e+00	1.4888904185e-05	1.2239496488e+03	1.9490045195e-12	6.9211450602e+03	1.2990638301e+04	-2.1781272356e-01	-2.0897783075e-01
2.0588709008e+06	8.9691541562e+10	2.3394396387e+03	5.1271230305e+03	9.9867824360e+00	1.4849922760e-05	1.2240453704e+03	1.9428992453e-12	6.9255588925e+03	1.3003045196e+04	-2.1430933771e-01	-2.0410707708e-01
2.0687693186e+06	9.0198605412e+10	2.3422335293e+03	5.1319514004e+03	9.9901093360e+00	1.4811150970e-05	1.2241449108e+03	1.9373251902e-12	6.9299816533e+03	1.3015467636e+04	-2.0155983727e-01	-1.8460286891e-01
2.0786677364e+06	9.0706295557e+10	2.3450408492e+03	5.1367779480e+03	9.9935169255e+00	1.4768799192e-05	1.2241251299e+03	1.9316017020e-12	6.9343596765e+03	1.3027818028e+04	-2.0091124157e-01	-1.8358748793e-01
2.0885661542e+06	9.1214616036e+10	2.3478535561e+03	5.1416018381e+03	9.9970061488e+00	1.4719768064e-05	1.2238632145e+03	1.9246876426e-12	6.9387014050e+03	1.3040110177e+04	-2.0019959242e-01	-1.8300000467e-01
2.0984645720e+06	9.1723570940e+10	2.3506449501e+03	5.1464135826e+03	1.0000577959e+01	1.4671085827e-05	1.2235842251e+03	1.9172886931e-12	6.9430849645e+03	1.3052459303e+04	-2.0811420949e-01	-1.9566001109e-01
2.1083629898e+06	9.2233164462e+10	2.3534175695e+03	5.1512250391e+03	1.0004233318e+01	1.4622654154e-05	1.2232929983e+03	1.9104419027e-12	6.9474371163e+03	1.3064761069e+04	-2.1446408763e-01	-2.0548606795e-01
2.1182614076e+06	9.2743400864e+10	2.3561796269e+03	5.1560331843e+03	1.0007973198e+01	1.4574402602e-05	1.2230005682e+03	1.9041102216e-12	6.9517734713e+03	1.3077034105e+04	-2.1381324926e-01	-2.0505284499e-01
2.1281598254e+06	9.3254284507e+10	2.3589373065e+03	5.1608367847e+03	1.0011798580e+01	1.4526272171e-05	1.2227061994e+03	1.8982744097e-12	6.9560985784e+03	1.3089282029e+04	-2.1319490397e-01	-2.0444631530e-01
2.1380582432e+06	9.3765819827e+10	2.3617149538e+03	5.1656338460e+03	1.0015710455e+01	1.4475775143e-05	1.2223436477e+03	1.8933112416e-12	6.9604064559e+03	1.3101510436e+04	-2.1276639838e-01	-2.0309775263e-01
2.1479566610e+06	9.4278011347e+10	2.3645115108e+03	5.1704346599e+03	1.0019711512e+01	1.4424276310e-05	1.2219597637e+03	1.8878898472e-12	6.9646329843e+03	1.3113611753e+04	-2.1216643096e-01	-2.0298868818e-01
2.1578550788e+06	9.4790863688e+10	2.3672985881e+03	5.1752291298e+03	1.0023806345e+01	1.4373033006e-05	1.2215640787e+03	1.8806949577e-12	6.9688588081e+03	1.3125703445e+04	-2.1155593604e-01	-2.0246762916e-01
2.1677534965e+06	9.5304381537e+10	2.3700600808e+03	5.1800126019e+03	1.0027990907e+01	1.4321524550e-05	1.2211355359e+03	1.8734645882e-12	6.9731315119e+03	1.3137865571e+04	-2.1103292286e-01	-2.0177639370e-01
2.1776519143e+06	9.5818569693e+10	2.3728047884e+03	5.1847926835e+03	1.0032266233e+01	1.4269832395e-05	1.2206884792e+03	1.8669764886e-12	6.9773950949e+03	1.3150013696e+04	-2.1062643778e-01	-2.0091321930e-01
2.1875503321e+06	9.6333433030e+10	2.3755435307e+03	5.1895685164e+03	1.0036633366e+01	1.4220150253e-05	1.2202953429e+03	1.8608417343e-12	6.9816482972e+03	1.3162141749e+04	-2.1005802877e-01	-2.0041894520e-01
2.1974487499e+06	9.6848976511e+10	2.3782868498e+03	5.1943399066e+03	1.0041093360e+01	1.4176690004e-05	1.2201162892e+03	1.8550042035e-12	6.9858891149e+03	1.3174246492e+04	-2.0948127070e-01	-1.9992887758e-01
2.2073471677e+06	9.7365205193e+10	2.3810349082e+03	5.1991062161e+03	1.0045647279e+01	1.4136822588e-05	1.2200678219e+03	1.8497479411e-12	6.9901171861e+03	1.3186334237e+04	-2.0898972791e-01	-1.9926965979e-01
2.2172455855e+06	9.7882124228e+10	2.3837920006e+03	5.2038679107e+03	1.0050296200e+01	1.4097300642e-05	1.2200274138e+03	1.8450502125e-12	6.9943311809e+03	1.3198396429e+04	-2.0844149262e-01	-1.9823582100e-01
2.2271440033e+06	9.8399738850e+10	2.3865576390e+03	5.2086405985e+03	1.0055041208e+01	1.4058173765e-05	1.2199897153e+03	1.8395437107e-12	6.9984285608e+03	1.3210280052e+04	-2.0790029569e-01	-1.9720059110e-01
2.2370424211e+06	9.8918054413e+10	2.3893106807e+03	5.2133971117e+03	1.0059883399e+01	1.4019012307e-05	1.2199400242e+03	1.8324628683e-12	7.0025934372e+03	1.3222261094e+04	-2.0729815685e-01	-1.9784041510e-01
2.2469408389e+06	9.9437076333e+10	2.3920379903e+03	5.2181471040e+03	1.0064829882e+01	1.3980407741e-05	1.2198990253e+03	1.8255330621e-12	7.0067758024e+03	1.3234273546e+04	-2.0688137051e-01	-1.9694178350e-01
2.2568392567e+06	9.9956810153e+10	2.3947613903e+03	5.2228932324e+03	1.0069878474e+01	1.3950844856e-05	1.2201498784e+03	1.8194364359e-12	7.0109477466e+03	1.3246261167e+04	-2.0634322320e-01	-1.9621518009e-01
2.2667376745e+06	1.0047726149e+11	2.3974776991e+03	5.2276357226e+03	1.0075027848e+01	1.3922237062e-05	1.2204116526e+03	1.8136284119e-12	7.0151101993e+03	1.3258231693e+04	-2.0582277153e-01	-1.9581498876e-01
2.2766360923e+06	1.0099843609e+11	2.4001894299e+03	5.2323747815e+03	1.0080279150e+01	1.3894069339e-05	1.2206737464e+03	1.8081356654e-12	7.0192625808e+03	1.3270186290e+04	-2.0534411263e-01	-1.9500319315e-01
2.2865345101e+06	1.0152033975e+11	2.4029029585e+03	5.2371100592e+03	1.0085633536e+01	1.3866675532e-05	1.2209507289e+03	1.8034928289e-12	7.0234035734e+03	1.3282123821e+04	-2.0485432854e-01	-1.9421302546e-01
2.2964329278e+06	1.0204297842e+11	2.4056305085e+03	5.2418469575e+03	1.0091092176e+01	1.3840390826e-05	1.2212628400e+03	1.7991550340e-12	7.0274927403e+03	1.3293980725e+04	-2.0427500230e-01	-1.9373461965e-01
2.3063313456e+06	1.0256635810e+11	2.4083666639e+03	5.2465876229e+03	1.0096656248e+01	1.3811624637e-05	1.2215041515e+03	1.7933523353e-12	7.0315201236e+03	1.3305740814e+04	-2.0373367351e-01	-1.9312900465e-01
2.3162297634e+06	1.0309048495e+11	2.4110889857e+03	5.2513109328e+03	1.0102326947e+01	1.3774938103e-05	1.2214903784e+03	1.7862165267e-12	7.0356291099e+03	1.3317627848e+04	-1.8720232118e-01	-1.6757248509e-01
2.3261281812e+06	1.0361536517e+11	2.4137869607e+03	5.2560250605e+03	1.0108108122e+01	1.3736537086e-05	1.2214014549e+03	1.7796497313e-12	7.0397760017e+03	1.3329570889e+04	-1.8496203713e-01	-1.6476933149e-01
2.3360265990e+06	1.0414100513e+11	2.4164720813e+03	5.2607362348e+03	1.0114005960e+01	1.3698125366e-05	1.2213010068e+03	1.7738997286e-12	7.0439156536e+03	1.3341497645e+04	-1.8435796398e-01	-1.6371805086e-01
2.3459250168e+06	1.0466741127e+11	2.4191511434e+03	5.2654443819e+03	1.0120014348e+01	1.3659749144e-05	1.2211935115e+03	1.7684551288e-12	7.0480425123e+03	1.3353401834e+04	-1.8899847211e-01	-1.7070839982e-01
2.3558234346e+06	1.0519459014e+11	2.4218286458e+03	5.2701530590e+03	1.0126134533e+01	1.3621831136e-05	1.2210870056e+03	1.7635120380e-12	7.0521348853e+03	1.3365257485e+04	-2.0130543973e-01	-1.9000000583e-01
2.3657218524e+06	1.0572254841e+11	2.4245217897e+03	5.2748605619e+03	1.0132367774e+01	1.3580522281e-05	1.2208775186e+03	1.7595355346e-12	7.0561935500e+03	1.3377059895e+04	-2.0077748111e-01	-1.8999999999e-01
2.3756202702e+06	1.0625129287e+11	2.4272421206e+03	5.2795768525e+03	1.0138715342e+01	1.3532691785e-05	1.2204799354e+03	1.7550010736e-12	7.0601560258e+03	1.3388710625e+04	-2.0024873630e-01	-1.8945497473e-01
2.3855186880e+06	1.0678083047e+11	2.4299593276e+03	5.2842874221e+03	1.0145178521e+01	1.3482897299e-05	1.2200101070e+03	1.7484661697e-12	7.0641277334e+03	1.3400378725e+04	-1.9996400268e-01	-1.8843839668e-01
2.3954171058e+06	1.0731116834e+11	2.4326491649e+03	5.2889873504e+03	1.0151758606e+01	1.3432464812e-05	1.2194947771e+03	1.7415762257e-12	7.0681508320e+03	1.3412128903e+04	-1.9942536421e-01	-1.8801267955e-01
2.4053155236e+06	1.0784231368e+11	2.4353188452e+03	5.2936843389e+03	1.0158464648e+01	1.3381860799e-05	1.2189585200e+03	1.7357185140e-12	7.0721728188e+03	1.3423868381e+04	-1.9886254755e-01	-1.8795166867e-01
2.4152139414e+06	1.0837427382e+11	2.4379815032e+03	5.2983786040e+03	1.0165294559e+01	1.3331293125e-05	1.2184181912e+03	1.7304756743e-12	7.0761859692e+03	1.3435594224e+04	-1.9838984493e-01	-1.8725150787e-01
2.4251123592e+06	1.0890705622e+11	2.4406518689e+03	5.3030697561e+03	1.0172245634e+01	1.3284271664e-05	1.2179937563e+03	1.7262179224e-12	7.0801882422e+03	1.3447305321e+04	-1.9793019276e-01	-1.8633482479e-01
2.4350107769e+06	1.0944066845e+11	2.4433521622e+03	5.3077612922e+03	1.0179319222e+01	1.3245132481e-05	1.2178249934e+03	1.7226621881e-12	7.0841465117e+03	1.3458950901e+04	-1.9749373561e-01	-1.8599999999e-01
2.4449091947e+06	1.0997511824e+11	2.4460672187e+03	5.3124614945e+03	1.0186516685e+01	1.3206624052e-05	1.2176764048e+03	1.7177020297e-12	7.0880207764e+03	1.3470467019e+04	-1.9707969729e-01	-1.8582376112e-01
2.4548076125e+06	1.1051041348e+11	2.4487639676e+03	5.3171500692e+03	1.0193839399e+01	1.3168388712e-05	1.2175230750e+03	1.7108007914e-12	7.0919517282e+03	1.3482070128e+04	-1.9658961286e-01	-1.8497922570e-01
2.4647060303e+06	1.1104656215e+11	2.4514327853e+03	5.3218316077e+03	1.0201288758e+01	1.3130571019e-05	1.2173601559e+03	1.7042248520e-12	7.0959165356e+03	1.3493727077e+04	-1.9616190860e-01	-1.8403450080e-01
2.4746044481e+06	1.1158357226e+11	2.4540857846e+03	5.3265114774e+03	1.0208875853e+01	1.3093005863e-05	1.2171869130e+03	1.6987500918e-12	7.0998743862e+03	1.3505370575e+04	-1.9571645334e-01	-1.8383290669e-01
2.4845028659e+06	1.1212145124e+11	2.4567362925e+03	5.3311888851e+03	1.0216596626e+01	1.3059210469e-05	1.2171261120e+03	1.6936779578e-12	7.1038228626e+03	1.3516996914e+04	-1.9517857401e-01	-1.8300000788e-01
2.4944012837e+06	1.1266020704e+11	2.4593949141e+03	5.3358631231e+03	1.0224448673e+01	1.3035739883e-05	1.2173872080e+03	1.6891831432e-12	7.1077598554e+03	1.3528610844e+04	-1.9471722574e-01	-1.8300000000e-01
2.5042997015e+06	1.1319984774e+11	2.4620643145e+03	5.3405344638e+03	1.0232433462e+01	1.3012662317e-05	1.2176561706e+03	1.6858610000e-12	7.1116859472e+03	1.3540205390e+04	-1.9429445716e-01	-1.8254315715e-01
2.5141981193e+06	1.1374038155e+11	2.4647539088e+03	5.3452186063e+03	1.0240552483e+01	1.2989902209e-05	1.2179459785e+03	1.6819383839e-12	7.1155072824e+03	1.3551639101e+04	-1.9386661220e-01	-1.8205413314e-01
2.5240965371e+06	1.1428181703e+11	2.4674400165e+03	5.3498985889e+03	1.0248807237e+01	1.2967291675e-05	1.2182405070e+03	1.6755924042e-12	7.1193377093e+03	1.3563088699e+04	-1.9335301327e-01	-1.8140696399e-01
2.5339949549e+06	1.1482416277e+11	2.4700949414e+03	5.3545661300e+03	1.0257204080e+01	1.2944133338e-05	1.2184912253e+03	1.6691043616e-12	7.1232349101e+03	1.3574641522e+04	-1.9288230346e-01	-1.8079208946e-01
2.5438933727e+06	1.1536742740e+11	2.4727405518e+03	5.3592313922e+03	1.0265750341e+01	1.2912890460e-05	1.2185009130e+03	1.6642795651e-12	7.1271300054e+03	1.3586192125e+04	-1.9250607656e-01	-1.7989925924e-01
2.5537917905e+06	1.1591161998e+11	2.4753984591e+03	5.3638933800e+03	1.0274437228e+01	1.2867789434e-05	1.2181117339e+03	1.6596790122e-12	7.1310182806e+03	1.3597734139e+04	-1.9205544239e-01	-1.7932960366e-01
2.5636902082e+06	1.1645675163e+11	2.4780523797e+03	5.3685548407e+03	1.0283266240e+01	1.2829325165e-05	1.2176888342e+03	1.6567071608e-12	7.1348973285e+03	1.3609262830e+04	-1.9156160833e-01	-1.7881662410e-01
2.5735886260e+06	1.1700284248e+11	2.4807209834e+03	5.3732141706e+03	1.0292238998e+01	1.2914844596e-05	1.2178397139e+03	1.7309501487e-12	7.1387630123e+03	1.3620775373e+04	-1.9116977777e-01	-1.7871470058e-01
2.5834870438e+06	1.1754988103e+11	2.4836931659e+03	5.3778511145e+03	1.0301356722e+01	1.3357454715e-05	1.2195725665e+03	2.3715142077e-12	7.1425652055e+03	1.3632224142e+04	-1.9076011248e-01	-1.7790028122e-01
2.5933854616e+06	1.1809782968e+11	2.4899086485e+03	5.3825338482e+03	1.0310631273e+01	1.3616822556e-05	1.2214518366e+03	5.5386971235e-12	7.1465390396e+03	1.3642623887e+04	-1.8947280083e-01	-1.7586224742e-01
2.6032838794e+06	1.1864704711e+11	2.5032946791e+03	5.4039592542e+03	1.0320013117e+01	1.8898499718e-05	1.2445915403e+03	8.9904556045e-12	7.1998318865e+03	1.3620900879e+04	-1.8848490815e-01	-1.8440122715e-01
2.6131822972e+06	1.1920149962e+11	2.5187828068e+03	5.4504850869e+03	1.0329247767e+01	3.6388759130e-05	1.3161913087e+03	7.5292086905e-12	7.3275130714e+03	1.3554169248e+04	-1.7385116289e-01	-1.8377694405e-01
2.6230807150e+06	1.1975876741e+11	2.5283339527e+03	5.4549644052e+03	1.0338484466e+01	3.5129089452e-05	1.3121129656e+03	4.0283474394e-12	7.3320027653e+03	1.3565426124e+04	-1.4965808654e-01	-1.4399999999e-01
2.6329791328e+06	1.2031664572e+11	2.5333462467e+03	5.4597819867e+03	1.0347881322e+01	2.0561824512e-05	1.2545373988e+03	2.1872599789e-12	7.3373001336e+03	1.3577545861e+04	-1.4918099192e-01	-1.4334292658e-01
2.6428775506e+06	1.2087565087e+11	2.5368279425e+03	5.4647277372e+03	1.0357431422e+01	1.5511926688e-05	1.2344687058e+03	1.7478390598e-12	7.3428205566e+03	1.3589880198e+04	-1.4862693151e-01	-1.4298718517e-01
2.6527759684e+06	1.2143572958e+11	2.5400475115e+03	5.4696935727e+03	1.0367149866e+01	1.5247785038e-05	1.2333576063e+03	1.7118703850e-12	7.3483712523e+03	1.3602238502e+04	-1.4822541041e-01	-1.4226021165e-01
2.6626743862e+06	1.2199689437e+11	2.5432555673e+03	5.4746602246e+03	1.0377021985e+01	1.5222451149e-05	1.2332459869e+03	1.7091624539e-12	7.3539177193e+03	1.3614590742e+04	-1.4780249944e-01	-1.4177499747e-01
2.6725728040e+06	1.2255915512e+11	2.5464685446e+03	5.4796663944e+03	1.0387049682e+01	1.5170844887e-05	1.2330808613e+03	1.7113077748e-12	7.3593022119e+03	1.3626682757e+04	-1.4735269054e-01	-1.4117419500e-01
2.6824712218e+06	1.2312252192e+11	2.5496817615e+03	5.4847169884e+03	1.0397234701e+01	1.5132487123e-05	1.2329587189e+03	1.7037215935e-12	7.3645073430e+03	1.3638487158e+04	-1.3694463820e-01	-1.2515495544e-01
2.6923696395e+06	1.2368700650e+11	2.5528856155e+03	5.4896879779e+03	1.0407583059e+01	1.5106490265e-05	1.2328688131e+03	1.6909712258e-12	7.3700193247e+03	1.3650791052e+04	-1.3441301106e-01	-1.2163763769e-01
2.7022680573e+06	1.2425262153e+11	2.5560920773e+03	5.4946442945e+03	1.0418108935e+01	1.5066481599e-05	1.2327505720e+03	1.6897299763e-12	7.3755759647e+03	1.3663165341e+04	-1.3384739562e-01	-1.2089776867e-01
2.7121664751e+06	1.2481937858e+11	2.5593130881e+03	5.4996166885e+03	1.0428797813e+01	1.5030127958e-05	1.2326561186e+03	1.7002702979e-12	7.3810578686e+03	1.3675428528e+04	-1.3916282692e-01	-1.2965677205e-01
2.7220648929e+06	1.2538729026e+11	2.5625527559e+03	5.5047488133e+03	1.0439651488e+01	1.5000198848e-05	1.2325939350e+03	1.7010505368e-12	7.3859004465e+03	1.3686672983e+04	-1.4528560154e-01	-1.3927124597e-01
2.7319633107e+06	1.2595636707e+11	2.5657811531e+03	5.5097852395e+03	1.0450671760e+01	1.4967870323e-05	1.2325140728e+03	1.6813404315e-12	7.3911206639e+03	1.3698520429e+04	-1.4474364896e-01	-1.3899999998e-01
2.7418617285e+06	1.2652662386e+11	2.5689790711e+03	5.5147533482e+03	1.0461873518e+01	1.4922298146e-05	1.2323649543e+03	1.6643893999e-12	7.3966092331e+03	1.3710800388e+04	-1.4429327228e-01	-1.3807524264e-01
2.7517601463e+06	1.2709807434e+11	2.5721756783e+03	5.5197224693e+03	1.0473255505e+01	1.4864064460e-05	1.2321681032e+03	1.6566380890e-12	7.4020910549e+03	1.3723065924e+04	-1.4393018025e-01	-1.3780388185e-01
2.7616585641e+06	1.2767073063e+11	2.5753670201e+03	5.5246929570e+03	1.0484810147e+01	1.4805332941e-05	1.2319610904e+03	1.6523155461e-12	7.4075694636e+03	1.3735333028e+04	-1.4346342742e-01	-1.3750939440e-01
2.7715569819e+06	1.2824460573e+11	2.5785590779e+03	5.5296641457e+03	1.0496539351e+01	1.4746663294e-05	1.2317496535e+03	1.6538525437e-12	7.4130430882e+03	1.3747592608e+04	-1.4300432701e-01	-1.3740940033e-01
2.7814553997e+06	1.2881971303e+11	2.5817718300e+03	5.5346410961e+03	1.0508449436e+01	1.4689069942e-05	1.2315506139e+03	1.6671687501e-12	7.4184831196e+03	1.3759805335e+04	-1.4274424087e-01	-1.3600000000e-01
2.7913538175e+06	1.2939606600e+11	2.5850223801e+03	5.5397868882e+03	1.0520558163e+01	1.4638983628e-05	1.2313845666e+03	1.6700227069e-12	7.4232223968e+03	1.3770925177e+04	-1.4228315818e-01	-1.3600000000e-01
2.8012522353e+06	1.2997367835e+11	2.5882688850e+03	5.5448506563e+03	1.0532847819e+01	1.4603652205e-05	1.2312785601e+03	1.6487322641e-12	7.4282915177e+03	1.3782563952e+04	-1.4182106801e-01	-1.3579400251e-01
2.8111506531e+06	1.3055256405e+11	2.5914759315e+03	5.5498261434e+03	1.0545320408e+01	1.4567369357e-05	1.2311590698e+03	1.6305985618e-12	7.4337356912e+03	1.3794793081e+04	-1.4150905512e-01	-1.3514671509e-01
2.8210490708e+06	1.3113273714e+11	2.5946644808e+03	5.5548045338e+03	1.0557977957e+01	1.4530521519e-05	1.2310284598e+03	1.6231312438e-12	7.4391780933e+03	1.3807021019e+04	-1.4109382035e-01	-1.3499999999e-01
2.8309474886e+06	1.3171421185e+11	2.5978531950e+03	5.5597829484e+03	1.0570848714e+01	1.4494491322e-05	1.2309023509e+03	1.6256134971e-12	7.4446142917e+03	1.3819244744e+04	-1.4062864027e-01	-1.3460422785e-01
2.8408459064e+06	1.3229700269e+11	2.6010760682e+03	5.5647701173e+03	1.0583909243e+01	1.4468914448e-05	1.2308352800e+03	1.6385423349e-12	7.4500034266e+03	1.3831397847e+04	-1.4021505365e-01	-1.3396710187e-01
2.8507443242e+06	1.3288112426e+11	2.6043444439e+03	5.5699580730e+03	1.0597161514e+01	1.4461162697e-05	1.2308769470e+03	1.6413273803e-12	7.4545599470e+03	1.3842266406e+04	-1.3987133229e-01	-1.3323777430e-01
2.8606427420e+06	1.3346659143e+11	2.6075996238e+03	5.5750072875e+03	1.0610607658e+01	1.4455627545e-05	1.2309351469e+03	1.6198779482e-12	7.4596881467e+03	1.3854028724e+04	-1.3942673568e-01	-1.3300000003e-01
2.8705411598e+06	1.3405341928e+11	2.6107995187e+03	5.5799919088e+03	1.0624278011e+01	1.4446065057e-05	1.2309502107e+03	1.6021708866e-12	7.4650979839e+03	1.3866225335e+04	-1.3907785818e-01	-1.3279414895e-01
2.8804395776e+06	1.3464162309e+11	2.6139824578e+03	5.5849807692e+03	1.0638147171e+01	1.4434976560e-05	1.2309449371e+03	1.5944303523e-12	7.4705065826e+03	1.3878416440e+04	-1.3867706420e-01	-1.3209645505e-01
2.8903379954e+06	1.3523121835e+11	2.6171673594e+03	5.5899718124e+03	1.0652217337e+01	1.4412729509e-05	1.2308870211e+03	1.5904820722e-12	7.4759118821e+03	1.3890610772e+04	-1.3826711052e-01	-1.3200000001e-01
2.9002364132e+06	1.3582222076e+11	2.6203661343e+03	5.5949620887e+03	1.0666496059e+01	1.4379196263e-05	1.2307917095e+03	1.5944568644e-12	7.4813208485e+03	1.3902814072e+04	-1.1387778870e-01	-9.4974608874e-02
2.9101348310e+06	1.3641464620e+11	2.6236091556e+03	5.5999793113e+03	1.0681005184e+01	1.4357357691e-05	1.2308045139e+03	1.6105759139e-12	7.4865990833e+03	1.3914823394e+04	-1.1226435026e-01	-9.2690997319e-02
2.9200332488e+06	1.3700851075e+11	2.6268900459e+03	5.6051437650e+03	1.0695722732e+01	1.4346769849e-05	1.2309140996e+03	1.6089346345e-12	7.4912607366e+03	1.3925897944e+04	-1.0727799542e-01	-8.5171522196e-02
2.9299316666e+06	1.3760383076e+11	2.6301376621e+03	5.6101870112e+03	1.0710651037e+01	1.4328047451e-05	1.2309508637e+03	1.5841335247e-12	7.4964490456e+03	1.3937780115e+04	-1.3250693993e-01	-1.2361749504e-01
2.9398300844e+06	1.3820062278e+11	2.6333372413e+03	5.6151878323e+03	1.0725808877e+01	1.4280069838e-05	1.2307784528e+03	1.5682439335e-12	7.5018378941e+03	1.3949970401e+04	-1.3633950806e-01	-1.2997116413e-01
2.9497285022e+06	1.3879890360e+11	2.6365318853e+03	5.6201939499e+03	1.0741198122e+01	1.4207069640e-05	1.2304485476e+03	1.5621940126e-12	7.5072156532e+03	1.3962141009e+04	-1.3586656547e-01	-1.2940220775e-01
2.9596269199e+06	1.3939869025e+11	2.6397253487e+03	5.6252032858e+03	1.0756805923e+01	1.4133753744e-05	1.2301045308e+03	1.5602774622e-12	7.5125913892e+03	1.3974318323e+04	-1.3546079009e-01	-1.2891411186e-01
2.9695253377e+06	1.4000000000e+11	2.6429362875e+03	5.6302153240e+03	1.0772634736e+01	1.4061084406e-05	1.2297699926e+03	1.5702488297e-12	7.5179632432e+03	1.3986494016e+04	-1.3510000401e-01	-1.2800001332e-01
