# 2D version of the crustal structure dataset, using the theta value closest to pi/2. 
# Only next line is parsed in format: [nx] [ny] because of keyword "POINTS:"
# POINTS: 360 1
# Columns: phi (radians) crustal_depth (m)
0.00873    7990
0.02618    8000
0.04363    8040
0.06109    8020
0.07854    9060
0.09599    8970
0.11345   11430
 0.1309   12280
0.14835   20440
0.16581   30000
0.18326   37000
0.20071   37010
0.21817   37000
0.23562   37000
0.25307   36000
0.27053   36000
0.28798   41000
0.30543   41000
0.32289   43000
0.34034   43000
0.35779   41000
0.37525   41000
 0.3927   42000
0.41015   41990
0.42761   41000
0.44506   38000
0.46251   38000
0.47997   38000
0.49742   38000
0.51487   35000
0.53233   32000
0.54978   38000
0.56723   36000
0.58469   36000
0.60214   39000
0.61959   35790
0.63705   32340
 0.6545   36340
0.67195   37660
0.68941   35000
0.70686   35000
0.72431   34000
0.74176   32000
0.75922   29220
0.77667   14470
0.79412   12980
0.81158   11980
0.82903    9980
0.84648   10000
0.86394    7990
0.88139    7980
0.89884    7970
 0.9163    7970
0.93375    8000
 0.9512    6920
0.96866    6880
0.98611    6840
1.00356    6910
1.02102    6820
1.03847    6940
1.05592    7200
1.07338    7130
1.09083    7000
1.10828    7150
1.12574    7230
1.14319    7130
1.16064    7040
 1.1781    6950
1.19555    7200
  1.213    7180
1.23046    6800
1.24791    7010
1.26536    7030
1.28282   18730
1.30027    7000
1.31772    7000
1.33518    7980
1.35263    7930
1.37008    7930
1.38754    7970
1.40499    8990
1.42244    8970
 1.4399    9940
1.45735    9970
 1.4748    9970
1.49226   10010
1.50971    9020
1.52716    8040
1.54462    8000
1.56207    6970
1.57952    8050
1.59698    7990
1.61443    9010
1.63188    9010
1.64934    8980
1.66679    7960
1.68424    8920
 1.7017   21710
1.71915   28860
 1.7366   33000
1.75406   32000
1.77151   31000
1.78896   31000
1.80642   30000
1.82387   29990
1.84132   28970
1.85878   28950
1.87623   28970
1.89368   30000
1.91114   31000
1.92859   31000
1.94604   31000
 1.9635   31000
1.98095   32000
 1.9984   33000
2.01586   34000
2.03331   33000
2.05076   30920
2.06822   28750
2.08567   28280
2.10312   30000
2.12058   29940
2.13803   29520
2.15548   29500
2.17293   28760
2.19039   19850
2.20784   19840
2.22529   30840
2.24275   30690
 2.2602   25290
2.27765   20630
2.29511   14540
2.31256    7020
2.33001    7190
2.34747    7330
2.36492    6930
2.38237    7940
2.39983    8060
2.41728    8100
2.43473    8090
2.45219    7970
2.46964    7880
2.48709    7910
2.50455    8050
  2.522    7930
2.53945    8060
2.55691    8030
2.57436    6960
2.59181    7150
2.60927    7050
2.62672    7160
2.64417    7470
2.66163    8120
2.67908    8270
2.69653   12060
2.71399   23580
2.73144   23900
2.74889   23780
2.76635   27650
 2.7838   27370
2.80125   11980
2.81871    7950
2.83616    6920
2.85361    6930
2.87107    6990
2.88852    7030
2.90597    7050
2.92343    7080
2.94088    8750
2.95833    8590
2.97579    7100
2.99324    7220
3.01069    7160
3.02815    6950
 3.0456    6790
3.06305    6780
3.08051    6870
3.09796    6770
3.11541    6810
3.13287    6790
3.15032    6850
3.16777    7090
3.18523    7070
3.20268    6870
3.22013    6910
3.23759    6890
3.25504    6790
3.27249    6520
3.28995    6760
 3.3074    6980
3.32485    7070
3.34231    7150
3.35976    7250
3.37721    7120
3.39467    7000
3.41212    7170
3.42957    7070
3.44703    7000
3.46448    6960
3.48193    6950
3.49939    6980
3.51684    6870
3.53429    7080
3.55175    7000
 3.5692    6910
3.58665    6900
 3.6041    6930
3.62156    7040
3.63901    6910
3.65646    6840
3.67392    6820
3.69137    7030
3.70882    7150
3.72628    7160
3.74373    7110
3.76118    7100
3.77864    7070
3.79609    7060
3.81354    7070
  3.831    7090
3.84845    7110
 3.8659    7140
3.88336    7130
3.90081    7060
3.91826    6990
3.93572    7060
3.95317    7120
3.97062    7120
3.98808    7120
4.00553    7070
4.02298    7010
4.04044    6950
4.05789    6890
4.07534    6930
 4.0928    6950
4.11025    6910
 4.1277    7100
4.14516    7070
4.16261    7030
4.18006    6980
4.19752    7110
4.21497    7080
4.23242    7040
4.24988    7000
4.26733    7020
4.28478    7020
4.30224    7000
4.31969    6990
4.33714    6980
 4.3546    6980
4.37205    6970
 4.3895    6990
4.40696    7010
4.42441    6950
4.44186    6950
4.45932    6970
4.47677    6990
4.49422    6950
4.51168    7030
4.52913    6980
4.54658    7000
4.56404    7030
4.58149    7050
4.59894    7060
 4.6164    7040
4.63385    7000
 4.6513    7010
4.66876    6970
4.68621   13630
4.70366   15350
4.72112   10980
4.73857    9640
4.75602    7430
4.77348    7290
4.79093    7040
4.80838    8750
4.82584   10750
4.84329   11970
4.86074   14410
 4.8782   23470
4.89565   34000
 4.9131   50500
4.93056   44000
4.94801   41000
4.96546   41000
4.98292   41000
5.00037   41000
5.01782   41000
5.03527   41000
5.05273   41000
5.07018   41000
5.08763   41000
5.10509   41000
5.12254   41000
5.13999   41000
5.15745   41000
 5.1749   37000
5.19235   37000
5.20981   37000
5.22726   37000
5.24471   37000
5.26217   36000
5.27962   36000
5.29707   36000
5.31453   36000
5.33198   36000
5.34943   36000
5.36689   36000
5.38434   36840
5.40179   30000
5.41925   30000
 5.4367   29990
5.45415   29970
5.47161   28950
5.48906   24170
5.50651    8780
5.52397    8950
5.54142    9050
5.55887    8070
5.57633    8030
5.59378    8180
5.61123    7900
5.62869    7870
5.64614    7890
5.66359    7890
5.68105    7760
 5.6985    7760
5.71595    6810
5.73341    6850
5.75086    6860
5.76831    6870
5.78577    7000
5.80322    7130
5.82067    7200
5.83813    7260
5.85558    7050
5.87303    7000
5.89049    6990
5.90794    7050
5.92539    6990
5.94285    7000
 5.9603    7120
5.97775    6870
5.99521    6920
6.01266    7090
6.03011    6910
6.04757    7110
6.06502    7060
6.08247    7100
6.09993    7080
6.11738    6820
6.13483    6880
6.15229    6860
6.16974    8000
6.18719    7980
6.20465    7970
 6.2221    7910
6.23955    7930
6.25701    7990
6.27446    8000
