# 2D version of the lithosphere structure dataset, using the theta value closest to pi/2. 
# Only next line is parsed in format: [nx] [ny] because of keyword "POINTS:"
# POINTS: 180 1
# Columns: phi (radians) LAB_depth (m)
0.017453 107000
0.05236 108000
0.087266 109000
0.12217 116000
0.15708 133000
0.19199 164000
0.22689 186000
0.2618 196000
0.29671 197000
0.33161 192000
0.36652 189000
0.40143 186000
0.43633 178000
0.47124 130000
0.50615 111000
0.54105 116000
0.57596 117000
0.61087 87000
0.64577 60000
0.68068 75000
0.71558 94000
0.75049 102000
0.7854 102000
0.8203 103000
0.85521 106000
0.89012 107000
0.92502 105000
0.95993 95000
0.99484 79000
1.0297 78000
1.0647 74000
1.0996 71000
1.1345 57000
1.1694 50000
1.2043 49000
1.2392 52000
1.2741 67000
1.309 82000
1.3439 100000
1.3788 108000
1.4137 108000
1.4486 105000
1.4835 100000
1.5184 99000
1.5533 99000
1.5882 97000
1.6232 95000
1.6581 86000
1.693 79000
1.7279 81000
1.7628 54000
1.7977 49000
1.8326 48000
1.8675 50000
1.9024 51000
1.9373 50000
1.9722 49000
2.0071 50000
2.042 51000
2.0769 49000
2.1118 49000
2.1468 48000
2.1817 87000
2.2166 151000
2.2515 48000
2.2864 50000
2.3213 51000
2.3562 50000
2.3911 51000
2.426 52000
2.4609 53000
2.4958 51000
2.5307 50000
2.5656 50000
2.6005 54000
2.6354 58000
2.6704 77000
2.7053 93000
2.7402 95000
2.7751 97000
2.81 92000
2.8449 90000
2.8798 92000
2.9147 90000
2.9496 92000
2.9845 92000
3.0194 83000
3.0543 87000
3.0892 99000
3.1241 99000
3.159 93000
3.194 89000
3.2289 92000
3.2638 97000
3.2987 98000
3.3336 99000
3.3685 98000
3.4034 101000
3.4383 102000
3.4732 98000
3.5081 92000
3.543 86000
3.5779 87000
3.6128 89000
3.6477 89000
3.6826 91000
3.7176 87000
3.7525 81000
3.7874 79000
3.8223 77000
3.8572 75000
3.8921 75000
3.927 78000
3.9619 76000
3.9968 75000
4.0317 75000
4.0666 74000
4.1015 73000
4.1364 72000
4.1713 66000
4.2062 62000
4.2412 60000
4.2761 58000
4.311 55000
4.3459 51000
4.3808 50000
4.4157 50000
4.4506 49000
4.4855 49000
4.5204 49000
4.5553 48000
4.5902 49000
4.6251 49000
4.66 49000
4.6949 49000
4.7298 49000
4.7647 49000
4.7997 50000
4.8346 50000
4.8695 101000
4.9044 165000
4.9393 106000
4.9742 117000
5.0091 141000
5.044 158000
5.0789 162000
5.1138 156000
5.1487 159000
5.1836 163000
5.2185 157000
5.2534 174000
5.2883 192000
5.3233 186000
5.3582 180000
5.3931 179000
5.428 165000
5.4629 136000
5.4978 134000
5.5327 128000
5.5676 113000
5.6025 97000
5.6374 75000
5.6723 75000
5.7072 82000
5.7421 86000
5.777 78000
5.8119 72000
5.8469 63000
5.8818 67000
5.9167 76000
5.9516 78000
5.9865 76000
6.0214 76000
6.0563 78000
6.0912 87000
6.1261 98000
6.161 98000
6.1959 96000
6.2308 99000
6.2657 105000
