# Test data for ascii data boundary velocity.
# Only next line is parsed in format: [nlongitude] [ncolatitude] because of keyword "POINTS:"
# POINTS: 3 3 2
# Columns: x y z strain_xx strain_xy strain_xz strain_yx strain_yy strain_yz strain_zx strain_zy strain_zz
0.0000   0.      0.      0.     0.    0.   0.  0.     0.    0.   0.  0.
50000.   0.      0.      0.     0.    0.   0.  0.     0.    0.   0.  0.
100000   0       0.      0.     0.    0.   0.  0.     0.    0.   0.  0.
0.0000   50000   0.      0.     0.    0.   0.  0.     0.    0.   0.  0.
50000.   50000   0.      0.     0.    0.   0.  0.     0.    0.   0.  0.
100000   50000   0.      0.     0.    0.   0.  0.     0.    0.   0.  0.
0.0000   100000  0       0.     0.    0.   0.  0.     0.    0.   0.  0.
50000.   100000. 0.      0.     0.    0.   0.  0.     0.    0.   0.  0.
100000   100000  0       0.     0.    0.   0.  0.     0.    0.   0.  0.
0.0000   0       100000  0.     0.    0.   0.  0.     0.    0.   0.  0.
50000.   0       100000  0.     0.    0.   0.  0.     0.    0.   0.  0.
100000   0       100000  0.     0.    0.   0.  0.     0.    0.   0.  0.
0.0000   50000.  100000  0.     0.    0.   0.  0.     0.    0.   0.  0.
50000.   50000.  100000  0.     0.    0.   0.  0.     0.    0.   0.  0.
100000   50000   100000  0.     0.    0.   0.  0.     0.    0.   0.  0.
0.0000   100000  100000  0.     0.    0.   0.  0.     0.    0.   0.  0.
50000.   100000  100000  0.     0.    0.   0.  0.     0.    0.   0.  0.
100000   100000  100000  0.     0.    0.   0.  0.     0.    0.   0.  0.
