# Test data for ascii data boundary velocity.
# Only next line is parsed in format: [nlongitude] [ncolatitude] because of keyword "POINTS:"
# POINTS: 2 3 3
# Columns: radius longitude colatitude velocity_x velocity_y velocity_z
4908500 0.      0.      0.     0.    0.
6336000 0.      0.      0.     0.    0.
4908500 0.7854  0.      0.     0.    0.
6336000 0.7854  0.      0.     0.    0.
4908500 1.5708  0.      0.     0.    0.
6336000 1.5708  0.      0.     0.    0.
4908500 0.      0.7854  0.     0.    0.
6336000 0.      0.7854  0.     0.    0.
4908500 0.7854  0.7854  0.     0.    0.
6336000 0.7854  0.7854  1.    -1.    0.
4908500 1.5708  0.7854  0.     0.    0.
6336000 1.5708  0.7854  0.     0.    0.
4908500 0.      1.5708  0.     0.    0.
6336000 0.      1.5708  0.     0.    0.
4908500 0.78540 1.5708  0.     0.    0.
6336000 0.78540 1.5708  0.     0.    0.
4908500 1.5708  1.5708  0.     0.    0.
6336000 1.5708  1.5708  0.     0.    0.
