   3.8000948e+22   1.2742000e+00
   3.7242716e+22   4.4597000e+00
   3.6484484e+22   7.6452000e+00
   3.5726252e+22   1.0830700e+01
   3.4968020e+22   1.4016200e+01
   3.4209788e+22   1.7201700e+01
   3.3451557e+22   2.0387200e+01
   3.2693325e+22   2.3572700e+01
   3.1935093e+22   2.6758200e+01
   3.1176861e+22   2.9943700e+01
   3.0418629e+22   3.3129200e+01
   2.9660397e+22   3.6314700e+01
   2.8902165e+22   3.9500200e+01
   2.8143933e+22   4.2685700e+01
   2.7385701e+22   4.5871200e+01
   2.6627470e+22   4.9056700e+01
   2.5869238e+22   5.2242200e+01
   2.5111006e+22   5.5427700e+01
   2.4352774e+22   5.8613200e+01
   2.3594542e+22   6.1798700e+01
   2.2836310e+22   6.4984200e+01
   2.2078078e+22   6.8169700e+01
   2.1319846e+22   7.1355200e+01
   2.0561614e+22   7.4540700e+01
   1.9803383e+22   7.7726200e+01
   1.9045151e+22   8.0911700e+01
   1.8286919e+22   8.4097200e+01
   1.7528687e+22   8.7282700e+01
   1.6770455e+22   9.0468200e+01
   1.6012223e+22   9.3653700e+01
   1.5253991e+22   9.6839200e+01
   1.4495759e+22   1.0002470e+02
   1.3737528e+22   1.0321020e+02
   1.2979296e+22   1.0639570e+02
   1.2221064e+22   1.0958120e+02
   1.1462832e+22   1.1276670e+02
   1.0704600e+22   1.1595220e+02
   9.9463681e+21   1.1913770e+02
   9.1881362e+21   1.2232320e+02
   8.4299043e+21   1.2550870e+02
   7.6716725e+21   1.2869420e+02
   6.9134406e+21   1.3187970e+02
   6.1552087e+21   1.3506520e+02
   5.3969768e+21   1.3825070e+02
   4.6387449e+21   1.4143620e+02
   3.8805130e+21   1.4462170e+02
   3.1222812e+21   1.4780720e+02
   2.3640493e+21   1.5099270e+02
   1.6058174e+21   1.5417820e+02
   8.4758551e+20   1.5736370e+02
   2.4125995e+20   1.6054920e+02
   2.4255968e+20   1.6373470e+02
   2.4385942e+20   1.6692020e+02
   2.4515915e+20   1.7010570e+02
   2.4645889e+20   1.7329120e+02
   2.4775862e+20   1.7647670e+02
   2.4905836e+20   1.7966220e+02
   2.5035809e+20   1.8284770e+02
   2.5165782e+20   1.8603320e+02
   2.5295756e+20   1.8921870e+02
   2.5425729e+20   1.9240420e+02
   2.5555703e+20   1.9558970e+02
   2.5685676e+20   1.9877520e+02
   2.5815650e+20   2.0196070e+02
   2.5945623e+20   2.0514620e+02
   2.6075597e+20   2.0833170e+02
   2.6205570e+20   2.1151720e+02
   2.6335544e+20   2.1470270e+02
   2.6465517e+20   2.1788820e+02
   2.6595491e+20   2.2107370e+02
   2.6725464e+20   2.2425920e+02
   2.6855438e+20   2.2744470e+02
   2.6985411e+20   2.3063020e+02
   2.7115385e+20   2.3381570e+02
   2.7245358e+20   2.3700120e+02
   2.7375332e+20   2.4018670e+02
   2.7505305e+20   2.4337220e+02
   2.7635279e+20   2.4655770e+02
   2.7765252e+20   2.4974320e+02
   2.7895225e+20   2.5292870e+02
   2.8025199e+20   2.5611420e+02
   2.8155172e+20   2.5929970e+02
   2.8285146e+20   2.6248520e+02
   2.8415119e+20   2.6567070e+02
   2.8545093e+20   2.6885620e+02
   2.8675066e+20   2.7204170e+02
   2.8805040e+20   2.7522720e+02
   2.8935013e+20   2.7841270e+02
   2.9237458e+20   2.8159820e+02
   2.9712375e+20   2.8478370e+02
   3.0187291e+20   2.8796920e+02
   3.0662207e+20   2.9115470e+02
   3.1137124e+20   2.9434020e+02
   3.1612040e+20   2.9752570e+02
   3.2086957e+20   3.0071120e+02
   3.2561873e+20   3.0389670e+02
   3.3036789e+20   3.0708220e+02
   3.3511706e+20   3.1026770e+02
   3.3986622e+20   3.1345320e+02
   3.4461538e+20   3.1663870e+02
   3.4936455e+20   3.1982420e+02
   3.5411371e+20   3.2300970e+02
   3.5886288e+20   3.2619520e+02
   3.6361204e+20   3.2938070e+02
   3.6836120e+20   3.3256620e+02
   3.7311037e+20   3.3575170e+02
   3.7785953e+20   3.3893720e+02
   3.8260870e+20   3.4212270e+02
   3.8735786e+20   3.4530820e+02
   3.9210702e+20   3.4849370e+02
   3.9685619e+20   3.5167920e+02
   4.0160535e+20   3.5486470e+02
   4.0635452e+20   3.5805020e+02
   4.1110368e+20   3.6123570e+02
   4.1585284e+20   3.6442120e+02
   4.2060201e+20   3.6760670e+02
   4.2535117e+20   3.7079220e+02
   4.3010033e+20   3.7397770e+02
   4.3197872e+20   3.7716320e+02
   4.3194326e+20   3.8034870e+02
   4.3190780e+20   3.8353420e+02
   4.3187234e+20   3.8671970e+02
   4.3183688e+20   3.8990520e+02
   4.3180142e+20   3.9309070e+02
   4.3176596e+20   3.9627620e+02
   4.3173050e+20   3.9946170e+02
   4.3169504e+20   4.0264720e+02
   4.3165957e+20   4.0583270e+02
   4.3162411e+20   4.0901820e+02
   4.3158865e+20   4.1220370e+02
   4.3155319e+20   4.1538920e+02
   4.3151773e+20   4.1857470e+02
   4.3148227e+20   4.2176020e+02
   4.3144681e+20   4.2494570e+02
   4.3141135e+20   4.2813120e+02
   4.3137589e+20   4.3131670e+02
   4.3134043e+20   4.3450220e+02
   4.3130496e+20   4.3768770e+02
   4.3126950e+20   4.4087320e+02
   4.3123404e+20   4.4405870e+02
   4.3119858e+20   4.4724420e+02
   4.3116312e+20   4.5042970e+02
   4.3112766e+20   4.5361520e+02
   4.3109220e+20   4.5680070e+02
   4.3105674e+20   4.5998620e+02
   4.3102128e+20   4.6317170e+02
   4.3324490e+20   4.6635720e+02
   4.3885714e+20   4.6954270e+02
   4.4446939e+20   4.7272820e+02
   4.5008163e+20   4.7591370e+02
   4.5569388e+20   4.7909920e+02
   4.6130612e+20   4.8228470e+02
   4.6691837e+20   4.8547020e+02
   4.7253061e+20   4.8865570e+02
   4.7814286e+20   4.9184120e+02
   4.8375510e+20   4.9502670e+02
   4.8936735e+20   4.9821220e+02
   4.9497959e+20   5.0139770e+02
   5.0059184e+20   5.0458320e+02
   5.0620408e+20   5.0776870e+02
   5.1181633e+20   5.1095420e+02
   5.1742857e+20   5.1413970e+02
   5.2304082e+20   5.1732520e+02
   5.2865306e+20   5.2051070e+02
   5.3426531e+20   5.2369620e+02
   5.3987755e+20   5.2688170e+02
   5.4548980e+20   5.3006720e+02
   5.5110204e+20   5.3325270e+02
   5.5671429e+20   5.3643820e+02
   5.6232653e+20   5.3962370e+02
   5.6793878e+20   5.4280920e+02
   5.7355102e+20   5.4599470e+02
   5.7916327e+20   5.4918020e+02
   5.8477551e+20   5.5236570e+02
   5.9038776e+20   5.5555120e+02
   5.9600000e+20   5.5873670e+02
   6.0161224e+20   5.6192220e+02
   6.0722449e+20   5.6510770e+02
   6.1283673e+20   5.6829320e+02
   6.1844898e+20   5.7147870e+02
   6.2406122e+20   5.7466420e+02
   6.2967347e+20   5.7784970e+02
   6.3528571e+20   5.8103520e+02
   6.4089796e+20   5.8422070e+02
   6.4651020e+20   5.8740620e+02
   6.7640455e+20   5.9059170e+02
   8.0342727e+20   5.9377720e+02
   9.3045000e+20   5.9696270e+02
   1.0574727e+21   6.0014820e+02
   1.1844955e+21   6.0333370e+02
   1.3115182e+21   6.0651920e+02
   1.4385409e+21   6.0970470e+02
   1.5655636e+21   6.1289020e+02
   1.6925864e+21   6.1607570e+02
   1.8196091e+21   6.1926120e+02
   1.9466318e+21   6.2244670e+02
   2.0736545e+21   6.2563220e+02
   2.2006773e+21   6.2881770e+02
   2.3277000e+21   6.3200320e+02
   2.4547227e+21   6.3518870e+02
   2.5817455e+21   6.3837420e+02
   2.7087682e+21   6.4155970e+02
   2.8357909e+21   6.4474520e+02
   2.9628136e+21   6.4793070e+02
   3.0898364e+21   6.5111620e+02
   3.2168591e+21   6.5430170e+02
   3.3438818e+21   6.5748720e+02
   3.4709045e+21   6.6067270e+02
   3.5979273e+21   6.6385820e+02
   3.7249500e+21   6.6704370e+02
   3.8519727e+21   6.7022920e+02
   3.9789955e+21   6.7341470e+02
   4.1060182e+21   6.7660020e+02
   4.2330409e+21   6.7978570e+02
   4.3600636e+21   6.8297120e+02
   4.4870864e+21   6.8615670e+02
   4.6141091e+21   6.8934220e+02
   4.7411318e+21   6.9252770e+02
   4.8681545e+21   6.9571320e+02
   4.9951773e+21   6.9889870e+02
   5.1222000e+21   7.0208420e+02
   5.2492227e+21   7.0526970e+02
   5.3762455e+21   7.0845520e+02
   5.5032682e+21   7.1164070e+02
   5.6302909e+21   7.1482620e+02
   5.7573136e+21   7.1801170e+02
   5.8843364e+21   7.2119720e+02
   6.0113591e+21   7.2438270e+02
   6.1383818e+21   7.2756820e+02
   6.2584966e+21   7.3075370e+02
   6.3509795e+21   7.3393920e+02
   6.4434624e+21   7.3712470e+02
   6.5359453e+21   7.4031020e+02
   6.6284282e+21   7.4349570e+02
   6.7209112e+21   7.4668120e+02
   6.8133941e+21   7.4986670e+02
   6.9058770e+21   7.5305220e+02
   6.9983599e+21   7.5623770e+02
   7.0908428e+21   7.5942320e+02
   7.1833257e+21   7.6260870e+02
   7.2758087e+21   7.6579420e+02
   7.3682916e+21   7.6897970e+02
   7.4607745e+21   7.7216520e+02
   7.5532574e+21   7.7535070e+02
   7.6457403e+21   7.7853620e+02
   7.7382232e+21   7.8172170e+02
   7.8307062e+21   7.8490720e+02
   7.9231891e+21   7.8809270e+02
   8.0156720e+21   7.9127820e+02
   8.1081549e+21   7.9446370e+02
   8.2006378e+21   7.9764920e+02
   8.2931207e+21   8.0083470e+02
   8.3856036e+21   8.0402020e+02
   8.4780866e+21   8.0720570e+02
   8.5705695e+21   8.1039120e+02
   8.6630524e+21   8.1357670e+02
   8.7555353e+21   8.1676220e+02
   8.8480182e+21   8.1994770e+02
   8.9405011e+21   8.2313320e+02
   9.0329841e+21   8.2631870e+02
   9.1254670e+21   8.2950420e+02
   9.2179499e+21   8.3268970e+02
   9.3104328e+21   8.3587520e+02
   9.4029157e+21   8.3906070e+02
   9.4953986e+21   8.4224620e+02
   9.5878815e+21   8.4543170e+02
   9.6803645e+21   8.4861720e+02
   9.7728474e+21   8.5180270e+02
   9.8653303e+21   8.5498820e+02
   9.9578132e+21   8.5817370e+02
   1.0050296e+22   8.6135920e+02
   1.0142779e+22   8.6454470e+02
   1.0235262e+22   8.6773020e+02
   1.0338269e+22   8.7091570e+02
   1.0465831e+22   8.7410120e+02
   1.0593394e+22   8.7728670e+02
   1.0720957e+22   8.8047220e+02
   1.0848519e+22   8.8365770e+02
   1.0976082e+22   8.8684320e+02
   1.1103645e+22   8.9002870e+02
   1.1231207e+22   8.9321420e+02
   1.1358770e+22   8.9639970e+02
   1.1486333e+22   8.9958520e+02
   1.1613895e+22   9.0277070e+02
   1.1741458e+22   9.0595620e+02
   1.1869021e+22   9.0914170e+02
   1.1996583e+22   9.1232720e+02
   1.2124146e+22   9.1551270e+02
   1.2251708e+22   9.1869820e+02
   1.2379271e+22   9.2188370e+02
   1.2506834e+22   9.2506920e+02
   1.2634396e+22   9.2825470e+02
   1.2761959e+22   9.3144020e+02
   1.2889522e+22   9.3462570e+02
   1.3017084e+22   9.3781120e+02
   1.3144647e+22   9.4099670e+02
   1.3272210e+22   9.4418220e+02
   1.3399772e+22   9.4736770e+02
   1.3527335e+22   9.5055320e+02
   1.3654897e+22   9.5373870e+02
   1.3782460e+22   9.5692420e+02
   1.3910023e+22   9.6010970e+02
   1.4037585e+22   9.6329520e+02
   1.4165148e+22   9.6648070e+02
   1.4292711e+22   9.6966620e+02
   1.4420273e+22   9.7285170e+02
   1.4547836e+22   9.7603720e+02
   1.4675399e+22   9.7922270e+02
   1.4802961e+22   9.8240820e+02
   1.4930524e+22   9.8559370e+02
   1.5058087e+22   9.8877920e+02
   1.5185649e+22   9.9196470e+02
   1.5313212e+22   9.9515020e+02
   1.5440774e+22   9.9833570e+02
   1.5568337e+22   1.0015212e+03
   1.5695900e+22   1.0047067e+03
   1.5823462e+22   1.0078922e+03
   1.5969091e+22   1.0110777e+03
   1.6141818e+22   1.0142632e+03
   1.6314545e+22   1.0174487e+03
   1.6487273e+22   1.0206342e+03
   1.6660000e+22   1.0238197e+03
   1.6832727e+22   1.0270052e+03
   1.7005455e+22   1.0301907e+03
   1.7178182e+22   1.0333762e+03
   1.7350909e+22   1.0365617e+03
   1.7523636e+22   1.0397472e+03
   1.7696364e+22   1.0429327e+03
   1.7869091e+22   1.0461182e+03
   1.8041818e+22   1.0493037e+03
   1.8214545e+22   1.0524892e+03
   1.8387273e+22   1.0556747e+03
   1.8560000e+22   1.0588602e+03
   1.8732727e+22   1.0620457e+03
   1.8905455e+22   1.0652312e+03
   1.9078182e+22   1.0684167e+03
   1.9250909e+22   1.0716022e+03
   1.9423636e+22   1.0747877e+03
   1.9596364e+22   1.0779732e+03
   1.9769091e+22   1.0811587e+03
   1.9941818e+22   1.0843442e+03
   2.0114545e+22   1.0875297e+03
   2.0287273e+22   1.0907152e+03
   2.0460000e+22   1.0939007e+03
   2.0632727e+22   1.0970862e+03
   2.0805455e+22   1.1002717e+03
   2.0978182e+22   1.1034572e+03
   2.1150909e+22   1.1066427e+03
   2.1323636e+22   1.1098282e+03
   2.1496364e+22   1.1130137e+03
   2.1669091e+22   1.1161992e+03
   2.1841818e+22   1.1193847e+03
   2.2014545e+22   1.1225702e+03
   2.2187273e+22   1.1257557e+03
   2.2360000e+22   1.1289412e+03
   2.2532727e+22   1.1321267e+03
   2.2705455e+22   1.1353122e+03
   2.2878182e+22   1.1384977e+03
   2.3050909e+22   1.1416832e+03
   2.3223636e+22   1.1448687e+03
   2.3396364e+22   1.1480542e+03
   2.3588182e+22   1.1512397e+03
   2.3808636e+22   1.1544252e+03
   2.4029091e+22   1.1576107e+03
   2.4249545e+22   1.1607962e+03
   2.4470000e+22   1.1639817e+03
   2.4690455e+22   1.1671672e+03
   2.4910909e+22   1.1703527e+03
   2.5131364e+22   1.1735382e+03
   2.5351818e+22   1.1767237e+03
   2.5572273e+22   1.1799092e+03
   2.5792727e+22   1.1830947e+03
   2.6013182e+22   1.1862802e+03
   2.6233636e+22   1.1894657e+03
   2.6454091e+22   1.1926512e+03
   2.6674545e+22   1.1958367e+03
   2.6895000e+22   1.1990222e+03
   2.7115455e+22   1.2022077e+03
   2.7335909e+22   1.2053932e+03
   2.7556364e+22   1.2085787e+03
   2.7776818e+22   1.2117642e+03
   2.7997273e+22   1.2149497e+03
   2.8217727e+22   1.2181352e+03
   2.8438182e+22   1.2213207e+03
   2.8658636e+22   1.2245062e+03
   2.8879091e+22   1.2276917e+03
   2.9099545e+22   1.2308772e+03
   2.9320000e+22   1.2340627e+03
   2.9540455e+22   1.2372482e+03
   2.9760909e+22   1.2404337e+03
   2.9981364e+22   1.2436192e+03
   3.0201818e+22   1.2468047e+03
   3.0422273e+22   1.2499902e+03
   3.0642727e+22   1.2531757e+03
   3.0863182e+22   1.2563612e+03
   3.1083636e+22   1.2595467e+03
   3.1304091e+22   1.2627322e+03
   3.1524545e+22   1.2659177e+03
   3.1745000e+22   1.2691032e+03
   3.1965455e+22   1.2722887e+03
   3.2185909e+22   1.2754742e+03
   3.2406364e+22   1.2786597e+03
   3.2626818e+22   1.2818452e+03
   3.2847273e+22   1.2850307e+03
   3.3067727e+22   1.2882162e+03
   3.3308428e+22   1.2914017e+03
   3.3579499e+22   1.2945872e+03
   3.3850569e+22   1.2977727e+03
   3.4121640e+22   1.3009582e+03
   3.4392711e+22   1.3041437e+03
   3.4663781e+22   1.3073292e+03
   3.4934852e+22   1.3105147e+03
   3.5205923e+22   1.3137002e+03
   3.5476993e+22   1.3168857e+03
   3.5748064e+22   1.3200712e+03
   3.6019134e+22   1.3232567e+03
   3.6290205e+22   1.3264422e+03
   3.6561276e+22   1.3296277e+03
   3.6832346e+22   1.3328132e+03
   3.7103417e+22   1.3359987e+03
   3.7374487e+22   1.3391842e+03
   3.7645558e+22   1.3423697e+03
   3.7916629e+22   1.3455552e+03
   3.8187699e+22   1.3487407e+03
   3.8458770e+22   1.3519262e+03
   3.8729841e+22   1.3551117e+03
   3.9000911e+22   1.3582972e+03
   3.9271982e+22   1.3614827e+03
   3.9543052e+22   1.3646682e+03
   3.9814123e+22   1.3678537e+03
   4.0085194e+22   1.3710392e+03
   4.0356264e+22   1.3742247e+03
   4.0627335e+22   1.3774102e+03
   4.0898405e+22   1.3805957e+03
   4.1169476e+22   1.3837812e+03
   4.1440547e+22   1.3869667e+03
   4.1711617e+22   1.3901522e+03
   4.1982688e+22   1.3933377e+03
   4.2253759e+22   1.3965232e+03
   4.2524829e+22   1.3997087e+03
   4.2795900e+22   1.4028942e+03
   4.3066970e+22   1.4060797e+03
   4.3338041e+22   1.4092652e+03
   4.3609112e+22   1.4124507e+03
   4.3880182e+22   1.4156362e+03
   4.4151253e+22   1.4188217e+03
   4.4422323e+22   1.4220072e+03
   4.4693394e+22   1.4251927e+03
   4.4964465e+22   1.4283782e+03
   4.5253759e+22   1.4315637e+03
   4.5561276e+22   1.4347492e+03
   4.5868793e+22   1.4379347e+03
   4.6176310e+22   1.4411202e+03
   4.6483827e+22   1.4443057e+03
   4.6791344e+22   1.4474912e+03
   4.7098861e+22   1.4506767e+03
   4.7406378e+22   1.4538622e+03
   4.7713895e+22   1.4570477e+03
   4.8021412e+22   1.4602332e+03
   4.8328929e+22   1.4634187e+03
   4.8636446e+22   1.4666042e+03
   4.8943964e+22   1.4697897e+03
   4.9251481e+22   1.4729752e+03
   4.9558998e+22   1.4761607e+03
   4.9866515e+22   1.4793462e+03
   5.0174032e+22   1.4825317e+03
   5.0481549e+22   1.4857172e+03
   5.0789066e+22   1.4889027e+03
   5.1096583e+22   1.4920882e+03
   5.1404100e+22   1.4952737e+03
   5.1711617e+22   1.4984592e+03
   5.2019134e+22   1.5016447e+03
   5.2326651e+22   1.5048302e+03
   5.2634169e+22   1.5080157e+03
   5.2941686e+22   1.5112012e+03
   5.3249203e+22   1.5143867e+03
   5.3556720e+22   1.5175722e+03
   5.3864237e+22   1.5207577e+03
   5.4171754e+22   1.5239432e+03
   5.4479271e+22   1.5271287e+03
   5.4786788e+22   1.5303142e+03
   5.5094305e+22   1.5334997e+03
   5.5401822e+22   1.5366852e+03
   5.5709339e+22   1.5398707e+03
   5.6016856e+22   1.5430562e+03
   5.6324374e+22   1.5462417e+03
   5.6631891e+22   1.5494272e+03
   5.6939408e+22   1.5526127e+03
   5.7246925e+22   1.5557982e+03
   5.7554442e+22   1.5589837e+03
   5.7861959e+22   1.5621692e+03
   5.8169476e+22   1.5653547e+03
   5.8476993e+22   1.5685402e+03
   5.8797727e+22   1.5717257e+03
   5.9127273e+22   1.5749112e+03
   5.9456818e+22   1.5780967e+03
   5.9786364e+22   1.5812822e+03
   6.0115909e+22   1.5844677e+03
   6.0445455e+22   1.5876532e+03
   6.0775000e+22   1.5908387e+03
   6.1104545e+22   1.5940242e+03
   6.1434091e+22   1.5972097e+03
   6.1763636e+22   1.6003952e+03
   6.2093182e+22   1.6035807e+03
   6.2422727e+22   1.6067662e+03
   6.2752273e+22   1.6099517e+03
   6.3081818e+22   1.6131372e+03
   6.3411364e+22   1.6163227e+03
   6.3740909e+22   1.6195082e+03
   6.4070455e+22   1.6226937e+03
   6.4400000e+22   1.6258792e+03
   6.4729545e+22   1.6290647e+03
   6.5059091e+22   1.6322502e+03
   6.5388636e+22   1.6354357e+03
   6.5718182e+22   1.6386212e+03
   6.6047727e+22   1.6418067e+03
   6.6377273e+22   1.6449922e+03
   6.6706818e+22   1.6481777e+03
   6.7036364e+22   1.6513632e+03
   6.7365909e+22   1.6545487e+03
   6.7695455e+22   1.6577342e+03
   6.8025000e+22   1.6609197e+03
   6.8354545e+22   1.6641052e+03
   6.8684091e+22   1.6672907e+03
   6.9013636e+22   1.6704762e+03
   6.9343182e+22   1.6736617e+03
   6.9672727e+22   1.6768472e+03
   7.0002273e+22   1.6800327e+03
   7.0331818e+22   1.6832182e+03
   7.0661364e+22   1.6864037e+03
   7.0990909e+22   1.6895892e+03
   7.1320455e+22   1.6927747e+03
   7.1650000e+22   1.6959602e+03
   7.1979545e+22   1.6991457e+03
   7.2309091e+22   1.7023312e+03
   7.2638636e+22   1.7055167e+03
   7.2968182e+22   1.7087022e+03
   7.3296364e+22   1.7118877e+03
   7.3623636e+22   1.7150732e+03
   7.3950909e+22   1.7182587e+03
   7.4278182e+22   1.7214442e+03
   7.4605455e+22   1.7246297e+03
   7.4932727e+22   1.7278152e+03
   7.5260000e+22   1.7310007e+03
   7.5587273e+22   1.7341862e+03
   7.5914545e+22   1.7373717e+03
   7.6241818e+22   1.7405572e+03
   7.6569091e+22   1.7437427e+03
   7.6896364e+22   1.7469282e+03
   7.7223636e+22   1.7501137e+03
   7.7550909e+22   1.7532992e+03
   7.7878182e+22   1.7564847e+03
   7.8205455e+22   1.7596702e+03
   7.8532727e+22   1.7628557e+03
   7.8860000e+22   1.7660412e+03
   7.9187273e+22   1.7692267e+03
   7.9514545e+22   1.7724122e+03
   7.9841818e+22   1.7755977e+03
   8.0169091e+22   1.7787832e+03
   8.0496364e+22   1.7819687e+03
   8.0823636e+22   1.7851542e+03
   8.1150909e+22   1.7883397e+03
   8.1478182e+22   1.7915252e+03
   8.1805455e+22   1.7947107e+03
   8.2132727e+22   1.7978962e+03
   8.2460000e+22   1.8010817e+03
   8.2787273e+22   1.8042672e+03
   8.3114545e+22   1.8074527e+03
   8.3441818e+22   1.8106382e+03
   8.3769091e+22   1.8138237e+03
   8.4096364e+22   1.8170092e+03
   8.4423636e+22   1.8201947e+03
   8.4750909e+22   1.8233802e+03
   8.5078182e+22   1.8265657e+03
   8.5405455e+22   1.8297512e+03
   8.5732727e+22   1.8329367e+03
   8.6060000e+22   1.8361222e+03
   8.6387273e+22   1.8393077e+03
   8.6714545e+22   1.8424932e+03
   8.7041818e+22   1.8456787e+03
   8.7369091e+22   1.8488642e+03
   8.7684510e+22   1.8520497e+03
   8.7992027e+22   1.8552352e+03
   8.8299544e+22   1.8584207e+03
   8.8607062e+22   1.8616062e+03
   8.8914579e+22   1.8647917e+03
   8.9222096e+22   1.8679772e+03
   8.9529613e+22   1.8711627e+03
   8.9837130e+22   1.8743482e+03
   9.0144647e+22   1.8775337e+03
   9.0452164e+22   1.8807192e+03
   9.0759681e+22   1.8839047e+03
   9.1067198e+22   1.8870902e+03
   9.1374715e+22   1.8902757e+03
   9.1682232e+22   1.8934612e+03
   9.1989749e+22   1.8966467e+03
   9.2297267e+22   1.8998322e+03
   9.2604784e+22   1.9030177e+03
   9.2912301e+22   1.9062032e+03
   9.3219818e+22   1.9093887e+03
   9.3527335e+22   1.9125742e+03
   9.3834852e+22   1.9157597e+03
   9.4142369e+22   1.9189452e+03
   9.4449886e+22   1.9221307e+03
   9.4757403e+22   1.9253162e+03
   9.5064920e+22   1.9285017e+03
   9.5372437e+22   1.9316872e+03
   9.5679954e+22   1.9348727e+03
   9.5987472e+22   1.9380582e+03
   9.6294989e+22   1.9412437e+03
   9.6602506e+22   1.9444292e+03
   9.6910023e+22   1.9476147e+03
   9.7217540e+22   1.9508002e+03
   9.7525057e+22   1.9539857e+03
   9.7832574e+22   1.9571712e+03
   9.8140091e+22   1.9603567e+03
   9.8447608e+22   1.9635422e+03
   9.8755125e+22   1.9667277e+03
   9.9062642e+22   1.9699132e+03
   9.9370159e+22   1.9730987e+03
   9.9677677e+22   1.9762842e+03
   9.9985194e+22   1.9794697e+03
   1.0029271e+23   1.9826552e+03
   1.0060023e+23   1.9858407e+03
   1.0090774e+23   1.9890262e+03
   1.0115945e+23   1.9922117e+03
   1.0138724e+23   1.9953972e+03
   1.0161503e+23   1.9985827e+03
   1.0184282e+23   2.0017682e+03
   1.0207062e+23   2.0049537e+03
   1.0229841e+23   2.0081392e+03
   1.0252620e+23   2.0113247e+03
   1.0275399e+23   2.0145102e+03
   1.0298178e+23   2.0176957e+03
   1.0320957e+23   2.0208812e+03
   1.0343736e+23   2.0240667e+03
   1.0366515e+23   2.0272522e+03
   1.0389294e+23   2.0304377e+03
   1.0412073e+23   2.0336232e+03
   1.0434852e+23   2.0368087e+03
   1.0457631e+23   2.0399942e+03
   1.0480410e+23   2.0431797e+03
   1.0503189e+23   2.0463652e+03
   1.0525968e+23   2.0495507e+03
   1.0548747e+23   2.0527362e+03
   1.0571526e+23   2.0559217e+03
   1.0594305e+23   2.0591072e+03
   1.0617084e+23   2.0622927e+03
   1.0639863e+23   2.0654782e+03
   1.0662642e+23   2.0686637e+03
   1.0685421e+23   2.0718492e+03
   1.0708200e+23   2.0750347e+03
   1.0730979e+23   2.0782202e+03
   1.0753759e+23   2.0814057e+03
   1.0776538e+23   2.0845912e+03
   1.0799317e+23   2.0877767e+03
   1.0822096e+23   2.0909622e+03
   1.0844875e+23   2.0941477e+03
   1.0867654e+23   2.0973332e+03
   1.0890433e+23   2.1005187e+03
   1.0913212e+23   2.1037042e+03
   1.0935991e+23   2.1068897e+03
   1.0958770e+23   2.1100752e+03
   1.0981549e+23   2.1132607e+03
   1.1004328e+23   2.1164462e+03
   1.1027107e+23   2.1196317e+03
   1.1049886e+23   2.1228172e+03
   1.1072665e+23   2.1260027e+03
   1.1095444e+23   2.1291882e+03
   1.1101818e+23   2.1323737e+03
   1.1104091e+23   2.1355592e+03
   1.1106364e+23   2.1387447e+03
   1.1108636e+23   2.1419302e+03
   1.1110909e+23   2.1451157e+03
   1.1113182e+23   2.1483012e+03
   1.1115455e+23   2.1514867e+03
   1.1117727e+23   2.1546722e+03
   1.1120000e+23   2.1578577e+03
   1.1122273e+23   2.1610432e+03
   1.1124545e+23   2.1642287e+03
   1.1126818e+23   2.1674142e+03
   1.1129091e+23   2.1705997e+03
   1.1131364e+23   2.1737852e+03
   1.1133636e+23   2.1769707e+03
   1.1135909e+23   2.1801562e+03
   1.1138182e+23   2.1833417e+03
   1.1140455e+23   2.1865272e+03
   1.1142727e+23   2.1897127e+03
   1.1145000e+23   2.1928982e+03
   1.1147273e+23   2.1960837e+03
   1.1149545e+23   2.1992692e+03
   1.1151818e+23   2.2024547e+03
   1.1154091e+23   2.2056402e+03
   1.1156364e+23   2.2088257e+03
   1.1158636e+23   2.2120112e+03
   1.1160909e+23   2.2151967e+03
   1.1163182e+23   2.2183822e+03
   1.1165455e+23   2.2215677e+03
   1.1167727e+23   2.2247532e+03
   1.1170000e+23   2.2279387e+03
   1.1172273e+23   2.2311242e+03
   1.1174545e+23   2.2343097e+03
   1.1176818e+23   2.2374952e+03
   1.1179091e+23   2.2406807e+03
   1.1181364e+23   2.2438662e+03
   1.1183636e+23   2.2470517e+03
   1.1185909e+23   2.2502372e+03
   1.1188182e+23   2.2534227e+03
   1.1190455e+23   2.2566082e+03
   1.1192727e+23   2.2597937e+03
   1.1195000e+23   2.2629792e+03
   1.1197273e+23   2.2661647e+03
   1.1199545e+23   2.2693502e+03
   1.1157273e+23   2.2725357e+03
   1.1103864e+23   2.2757212e+03
   1.1050455e+23   2.2789067e+03
   1.0997045e+23   2.2820922e+03
   1.0943636e+23   2.2852777e+03
   1.0890227e+23   2.2884632e+03
   1.0836818e+23   2.2916487e+03
   1.0783409e+23   2.2948342e+03
   1.0730000e+23   2.2980197e+03
   1.0676591e+23   2.3012052e+03
   1.0623182e+23   2.3043907e+03
   1.0569773e+23   2.3075762e+03
   1.0516364e+23   2.3107617e+03
   1.0462955e+23   2.3139472e+03
   1.0409545e+23   2.3171327e+03
   1.0356136e+23   2.3203182e+03
   1.0302727e+23   2.3235037e+03
   1.0249318e+23   2.3266892e+03
   1.0195909e+23   2.3298747e+03
   1.0142500e+23   2.3330602e+03
   1.0089091e+23   2.3362457e+03
   1.0035682e+23   2.3394312e+03
   9.9822727e+22   2.3426167e+03
   9.9288636e+22   2.3458022e+03
   9.8754545e+22   2.3489877e+03
   9.8220455e+22   2.3521732e+03
   9.7686364e+22   2.3553587e+03
   9.7152273e+22   2.3585442e+03
   9.6618182e+22   2.3617297e+03
   9.6084091e+22   2.3649152e+03
   9.5550000e+22   2.3681007e+03
   9.5015909e+22   2.3712862e+03
   9.4481818e+22   2.3744717e+03
   9.3947727e+22   2.3776572e+03
   9.3413636e+22   2.3808427e+03
   9.2879545e+22   2.3840282e+03
   9.2345455e+22   2.3872137e+03
   9.1811364e+22   2.3903992e+03
   9.1277273e+22   2.3935847e+03
   9.0743182e+22   2.3967702e+03
   9.0209091e+22   2.3999557e+03
   8.9675000e+22   2.4031412e+03
   8.9140909e+22   2.4063267e+03
   8.8606818e+22   2.4095122e+03
   8.7492255e+22   2.4126977e+03
   8.6232574e+22   2.4158832e+03
   8.4972893e+22   2.4190687e+03
   8.3713212e+22   2.4222542e+03
   8.2453531e+22   2.4254397e+03
   8.1193850e+22   2.4286252e+03
   7.9934169e+22   2.4318107e+03
   7.8674487e+22   2.4349962e+03
   7.7414806e+22   2.4381817e+03
   7.6155125e+22   2.4413672e+03
   7.4895444e+22   2.4445527e+03
   7.3635763e+22   2.4477382e+03
   7.2376082e+22   2.4509237e+03
   7.1116401e+22   2.4541092e+03
   6.9856720e+22   2.4572947e+03
   6.8597039e+22   2.4604802e+03
   6.7337358e+22   2.4636657e+03
   6.6077677e+22   2.4668512e+03
   6.4817995e+22   2.4700367e+03
   6.3558314e+22   2.4732222e+03
   6.2298633e+22   2.4764077e+03
   6.1038952e+22   2.4795932e+03
   5.9779271e+22   2.4827787e+03
   5.8519590e+22   2.4859642e+03
   5.7259909e+22   2.4891497e+03
   5.6000228e+22   2.4923352e+03
   5.4740547e+22   2.4955207e+03
   5.3480866e+22   2.4987062e+03
   5.2221185e+22   2.5018917e+03
   5.0961503e+22   2.5050772e+03
   4.9701822e+22   2.5082627e+03
   4.8442141e+22   2.5114482e+03
   4.7182460e+22   2.5146337e+03
   4.5922779e+22   2.5178192e+03
   4.4663098e+22   2.5210047e+03
   4.3403417e+22   2.5241902e+03
   4.2143736e+22   2.5273757e+03
   4.0884055e+22   2.5305612e+03
   3.9624374e+22   2.5337467e+03
   3.8364692e+22   2.5369322e+03
   3.7105011e+22   2.5401177e+03
   3.5845330e+22   2.5433032e+03
   3.4585649e+22   2.5464887e+03
   3.3325968e+22   2.5496742e+03
   3.2591936e+22   2.5528597e+03
   3.1916310e+22   2.5560452e+03
   3.1240683e+22   2.5592307e+03
   3.0565057e+22   2.5624162e+03
   2.9889431e+22   2.5656017e+03
   2.9213804e+22   2.5687872e+03
   2.8538178e+22   2.5719727e+03
   2.7862551e+22   2.5751582e+03
   2.7186925e+22   2.5783437e+03
   2.6511298e+22   2.5815292e+03
   2.5835672e+22   2.5847147e+03
   2.5160046e+22   2.5879002e+03
   2.4484419e+22   2.5910857e+03
   2.3808793e+22   2.5942712e+03
   2.3133166e+22   2.5974567e+03
   2.2457540e+22   2.6006422e+03
   2.1781913e+22   2.6038277e+03
   2.1106287e+22   2.6070132e+03
   2.0430661e+22   2.6101987e+03
   1.9755034e+22   2.6133842e+03
   1.9079408e+22   2.6165697e+03
   1.8403781e+22   2.6197552e+03
   1.7728155e+22   2.6229407e+03
   1.7052528e+22   2.6261262e+03
   1.6376902e+22   2.6293117e+03
   1.5701276e+22   2.6324972e+03
   1.5025649e+22   2.6356827e+03
   1.4350023e+22   2.6388682e+03
   1.3674396e+22   2.6420537e+03
   1.2998770e+22   2.6452392e+03
   1.2323144e+22   2.6484247e+03
   1.1647517e+22   2.6516102e+03
   1.0971891e+22   2.6547957e+03
   1.0296264e+22   2.6579812e+03
   9.6206378e+21   2.6611667e+03
   8.9450114e+21   2.6643522e+03
   8.2693850e+21   2.6675377e+03
   7.5937585e+21   2.6707232e+03
   6.9181321e+21   2.6739087e+03
   6.2425057e+21   2.6770942e+03
   5.5668793e+21   2.6802797e+03
   4.8912528e+21   2.6834652e+03
   4.2156264e+21   2.6866507e+03
   3.5400000e+21   2.6898362e+03
   3.4637727e+21   2.6930217e+03
   3.3875455e+21   2.6962072e+03
   3.3113182e+21   2.6993927e+03
   3.2350909e+21   2.7025782e+03
   3.1588636e+21   2.7057637e+03
   3.0826364e+21   2.7089492e+03
   3.0064091e+21   2.7121347e+03
   2.9301818e+21   2.7153202e+03
   2.8539545e+21   2.7185057e+03
   2.7777273e+21   2.7216912e+03
   2.7015000e+21   2.7248767e+03
   2.6252727e+21   2.7280622e+03
   2.5490455e+21   2.7312477e+03
   2.4728182e+21   2.7344332e+03
   2.3965909e+21   2.7376187e+03
   2.3203636e+21   2.7408042e+03
   2.2441364e+21   2.7439897e+03
   2.1679091e+21   2.7471752e+03
   2.0916818e+21   2.7503607e+03
   2.0154545e+21   2.7535462e+03
   1.9392273e+21   2.7567317e+03
   1.8630000e+21   2.7599172e+03
   1.7867727e+21   2.7631027e+03
   1.7105455e+21   2.7662882e+03
   1.6343182e+21   2.7694737e+03
   1.5580909e+21   2.7726592e+03
   1.4818636e+21   2.7758447e+03
   1.4056364e+21   2.7790302e+03
   1.3294091e+21   2.7822157e+03
   1.2531818e+21   2.7854012e+03
   1.1769545e+21   2.7885867e+03
   1.1007273e+21   2.7917722e+03
   1.0245000e+21   2.7949577e+03
   9.4827273e+20   2.7981432e+03
   8.7204545e+20   2.8013287e+03
   7.9581818e+20   2.8045142e+03
   7.1959091e+20   2.8076997e+03
   6.4336364e+20   2.8108852e+03
   5.6713636e+20   2.8140707e+03
   4.9090909e+20   2.8172562e+03
   4.1468182e+20   2.8204417e+03
   3.3845455e+20   2.8236272e+03
   2.6222727e+20   2.8268127e+03
   1.8600000e+20   2.8299982e+03
