# This is a data table for enstatite computed using BurnMan.
# Independent variables are entropy and pressure.
# POINTS: 26 8
# s,J/kg/K P(bar) T(K) rho,kg/m3 alpha,1/K cp,J/K/kg vp,km/s vs,km/s h,J/kg
539.7043919876529 0.0 272.9999999999999 3205.1524651112786 1.9315275326748082e-05 831.6750379756444 8.111155476074913 4.9038120560535114 -14351388.531064268
629.6799948362325 0.0 302.9873608330623 3203.2182706891685 2.0899923788912097e-05 893.9279225413976 8.094933317608177 4.89551201883225 -14325483.345850429
719.6555976848101 0.0 334.09346557188184 3201.065289712512 2.2292404203195626e-05 946.427371981903 8.076915150736552 4.8863171844258275 -14296831.974825658
809.6312005333896 0.0 366.59648630412556 3198.680475030893 2.3535418225956224e-05 990.9943008551619 8.057004575642098 4.876186364473278 -14265320.89432706
899.6068033819677 0.0 400.7396312402197 3196.048171146743 2.4662961399850083e-05 1029.0441672247096 8.035085799785733 4.865070054968826 -14230813.28705072
989.582406230546 0.0 436.7476805748085 3193.1500771598476 2.5702962198288018e-05 1061.7009695694653 8.011023956676507 4.852910995159586 -14193151.374245238
1079.558009079125 0.0 474.83670198040926 3189.965105314019 2.6679066735551452e-05 1089.8727951853407 7.984664587577495 4.839644347451507 -14152157.60071213
1169.5336119277035 0.0 515.2201313107282 3186.4691364130877 2.7611918745296916e-05 1114.3040684930647 7.955832412074365 4.825197617239359 -14107635.125147393
1259.5092147762816 0.0 558.112769431308 3182.6346803757806 2.8520134366111327e-05 1135.6130200132645 7.924329485349999 4.809490386800889 -14059367.865200222
1349.4848176248609 0.0 603.7334959708481 3178.4304335298866 2.9421095875108557e-05 1154.3194422550407 7.889932732205283 4.792433898525049 -14007120.244913658
1439.4604204734394 0.0 652.3071298557674 3173.82073313994 3.0331647443491758e-05 1170.8658961561346 7.852390869058743 4.773930518227207 -13950636.738759704
1529.4360233220175 0.0 704.0656468844501 3168.7647963920354 3.126876632613242e-05 1185.634449409592 7.81142019621715 4.753873011251712 -13889641.277987378
1619.411626170597 0.0 759.2489013485756 3163.215969091422 3.225024377774857e-05 1198.960364718999 7.766700268668207 4.732143842656562 -13823836.570626613
1709.387229019175 0.0 818.1048001801416 3157.1205020773664 3.329547864567496e-05 1211.14383746554 7.717867224011143 4.70861413484619 -13752903.38108323
1799.3628318677536 0.0 880.8889533510014 3150.416218345363 3.4426420161720695e-05 1222.460629955841 7.664506374942691 4.683142620735327 -13676499.816551272
1889.3384347163317 0.0 947.8636380293514 3143.0307090973706 3.5668790626091666e-05 1233.1724504491938 7.606142356315157 4.655574349020952 -13594260.67489672
1979.314037564911 0.0 1019.2958938079925 3134.8790298384883 3.705373402768616e-05 1243.5379879202078 7.542226601541339 4.62573919487828 -13505796.92296479
2069.2896404134895 0.0 1095.4544108655919 3125.8606158927714 3.862014480538282e-05 1253.8258085374082 7.472120733275156 4.593450063250469 -13410695.397536077
2159.2652432620675 0.0 1176.6047332033434 3115.8551864094975 4.041807101062445e-05 1264.3308714549014 7.395074608463406 4.558500767699567 -13308518.857385177
2249.240846110646 0.0 1263.0019908531353 3104.717107606147 4.251388666911458e-05 1275.3975380427448 7.310196285468834 4.520663424781277 -13198806.571099453
2339.216448959225 0.0 1354.879912444252 3092.267422494945 4.4998471618353866e-05 1287.454092384541 7.2164097855272065 4.4796851551054075 -13081075.713887947
2429.192051807804 0.0 1452.4341746704258 3078.2825199614194 4.800068091943831e-05 1301.068030034632 7.112395106087582 4.435283948420957 -12954823.990067532
2519.1676546563826 0.0 1555.7964017980237 3062.476717164282 5.171081486292611e-05 1317.0407884702645 6.99649656165223 4.387142757874732 -12819534.138975376
2609.1432575049594 0.0 1664.9928131804875 3044.4755317801837 5.642388301347694e-05 1336.581366397221 6.866581975358342 4.334901356486263 -12674681.406363498
2699.1188603535397 0.0 1779.87532959905 3023.7715233009685 6.262588449034424e-05 1361.651642663434 6.719810218863665 4.278143642810774 -12519745.854610229
2789.094463202118 0.0 1900.0000000000007 2999.646454554697 7.118375762142497e-05 1395.7263577915026 6.552221227888169 4.216376037153594 -12354232.972125817
539.7043919876534 21428.57142857143 276.87694677947707 3265.284236309444 1.6242386386933504e-05 830.9894334535837 8.386494624944998 4.956839594176628 -13689126.989327941
629.6799948362325 21428.57142857143 307.31929147227936 3263.603037173982 1.755390634092e-05 893.0369971001745 8.371406256796739 4.948593287435962 -13662852.675304595
719.6555976848101 21428.57142857143 338.906167283955 3261.7333259750726 1.8698472475373993e-05 945.309652052373 8.354658357405942 4.939458543144208 -13633790.1230282
809.6312005333889 21428.57142857143 371.92159302900757 3259.664360509371 1.971177692810362e-05 989.627162465558 8.336165144220125 4.929394656164073 -13601823.223476388
899.6068033819672 21428.57142857143 406.6145429762918 3257.383237648062 2.0622038627530035e-05 1027.4029453301955 8.315823510384474 4.918352682995004 -13566812.054405382
989.582406230546 21428.57142857143 443.21579786801243 3254.8749174763743 2.145221268552914e-05 1059.7580695926245 8.293513637265939 4.9062760312314655 -13528595.204738062
1079.5580090791248 21428.57142857143 481.94789972450405 3252.1221355856037 2.2221472528026696e-05 1087.5967434360502 8.269098738146054 4.893100647668534 -13486990.927390117
1169.5336119277035 21428.57142857143 523.0314481574977 3249.105240190465 2.2946256345559092e-05 1111.6584381634082 8.242424222491948 4.878754955373558 -13441797.577226866
1259.5092147762816 21428.57142857143 566.6893174914029 3245.801959543168 2.3641043888683957e-05 1132.5551620656863 8.213316367632167 4.8631596097838825 -13392793.584299587
1349.4848176248609 21428.57142857143 613.149616791579 3242.1870988750657 2.4318964204485934e-05 1150.7989346237791 8.18158052501372 4.846227112387638 -13339737.108620482
1439.4604204734396 21428.57142857143 662.6478376567547 3238.232147401008 2.4992300638227167e-05 1166.8226003461655 8.14699878417789 4.827861291206198 -13282365.467501193
1529.4360233220175 21428.57142857143 715.4284497341908 3233.9048699972413 2.567293300048494e-05 1180.996012260603 8.109327438116589 4.807956730799047 -13220394.396171158
1619.411626170596 21428.57142857143 771.7460341878445 3229.1686030259657 2.6372772638440546e-05 1193.6389748950887 8.068292951328942 4.786397929827481 -13153517.185856603
1709.3872290191748 21428.57142857143 831.8660794280669 3223.9816642770525 2.7104191571022724e-05 1205.0318977558552 8.023588297901627 4.763058552583561 -13081403.73527518
1799.3628318677536 21428.57142857143 896.0653743705965 3218.29640512661 2.7880512362821072e-05 1215.424916448552 7.974867472324576 4.737800393721987 -13003699.548912466
1889.3384347163317 21428.57142857143 964.6319953804253 3212.05811834996 2.8716581123407097e-05 1225.0460669173406 7.921739114671777 4.7104722653745945 -12920024.717341075
1979.3140375649107 21428.57142857143 1037.8647809883087 3205.20365290793 2.9629484692561918e-05 1234.1090665146005 7.863758510259904 4.68090871814211 -12829972.921035409
2069.2896404134895 21428.57142857143 1116.0721256649767 3197.659591637673 3.0639495683851254e-05 1242.8212880172714 7.800417221750188 4.6489285320905 -12733110.510225847
2159.265243262068 21428.57142857143 1199.5699038555158 3189.340047277579 3.177134685756828e-05 1251.3926114238193 7.731130493848136 4.614333097092626 -12628975.730779178
2249.240846110646 21428.57142857143 1288.6780848858696 3180.1435561720846 3.3056051049185316e-05 1260.046166451284 7.6552198698043945 4.576904379553715 -12517078.192497872
2339.2164489592246 21428.57142857143 1383.7155809414546 3169.94910004915 3.453354184716496e-05 1269.0324146576684 7.571890908014996 4.536402674310084 -12396898.716016501
2429.192051807804 21428.57142857143 1484.9924474540592 3158.610607968604 3.625667006014793e-05 1278.649027427035 7.480202632895473 4.492563897637103 -12267889.75510454
2519.167654656382 21428.57142857143 1592.7981430369784 3145.9492917104008 3.82974649244652e-05 1289.2707893534625 7.379025128808947 4.445096345099865 -12129476.685563752
2609.143257504961 21428.57142857143 1707.3837270749084 3131.7426661851387 4.075735526698101e-05 1301.397330388871 7.266978973452199 4.393676723130625 -11981060.403125213
2699.118860353539 21428.57142857143 1828.934364658117 3115.708212119741 4.378468985078665e-05 1315.7339931942784 7.142345343810359 4.337945076051434 -11822021.92397987
2789.094463202117 21428.57142857143 1957.5257802816118 3097.4782393933865 4.760653541046784e-05 1333.3378981371675 7.002927728754584 4.277498084615118 -11651730.117979119
539.7043919876534 42857.14285714286 280.1612417051549 3319.705610999532 1.396250718881076e-05 830.4982112481379 8.638083550129968 5.006152977828402 -13038363.964338189
629.6799948362319 42857.14285714286 310.98581644271576 3318.218450483039 1.5076930572865975e-05 892.4001392067971 8.623872294143094 4.9979354582761255 -13011777.084844446
719.6555976848103 42857.14285714286 342.97562880123826 3316.5655985065837 1.6044594677246344e-05 944.5127308141217 8.60810529472427 4.9888327980675635 -12982366.680761024
809.6312005333899 42857.14285714286 376.41940514490307 3314.7379123739393 1.6896088659473374e-05 988.6551987547886 8.590704219956175 4.978804496139612 -12950014.56603537
899.6068033819681 42857.14285714286 411.5707002499402 3312.724420937167 1.7655492257574827e-05 1026.2398329161479 8.571574965517865 4.9678018623015525 -12914578.325824589
989.5824062305458 42857.14285714286 448.6649988606573 3310.5123557729976 1.8342273706271503e-05 1058.386023581743 8.55060831033577 4.955768599470363 -12875893.640327204
1079.558009079125 42857.14285714286 487.9298549204281 3308.087098196704 1.8972556655463146e-05 1085.9957336388595 8.527679832480255 4.942640997385064 -12833775.417880533
1169.5336119277035 42857.14285714286 529.5913459138386 3305.4320631568444 1.9560007481620787e-05 1109.8055717353716 8.502649303839535 4.928347875104385 -12788018.198005348
1259.5092147762816 42857.14285714286 573.8784443068785 3302.5285285728382 2.0116485031167687e-05 1130.4239785011691 8.47535966579177 4.9128103445156714 -12738396.075809985
1349.48481762486 42857.14285714286 621.0261432675668 3299.3554115823754 2.0652538050274465e-05 1148.3585708894748 8.445635624803314 4.895941433698904 -12684662.293635253
1439.4604204734403 42857.14285714286 671.2777959931808 3295.888988366642 2.1177804574043227e-05 1164.0367735512718 8.413281867213312 4.877645590467495 -12626548.589370491
1529.4360233220177 42857.14285714286 724.886927811235 3292.102550267832 2.170135014285616e-05 1177.8217567252714 8.37808086296445 4.857818075307364 -12563764.35944273
1619.411626170596 42857.14285714286 782.1186666207692 3287.9659849889404 2.2231971978343763e-05 1190.0250332782857 8.339790201599945 4.836344245697924 -12495995.676721051
1709.3872290191755 42857.14285714286 843.2508673225877 3283.4452667350424 2.2778491280516076e-05 1200.9166555028983 8.298139373821078 4.813098728214201 -12422904.193852615
1799.3628318677536 42857.14285714286 908.5749582057366 3278.5018339796866 2.335005411324999e-05 1210.7336941223243 8.252825880594417 4.787944471027159 -12344125.95799399
1889.3384347163317 42857.14285714286 978.3964998489807 3273.0918269843764 2.3956462431506897e-05 1219.687522122479 8.203510512912567 4.760731666380967 -12259270.16211822
1979.3140375649107 42857.14285714286 1053.0354117515515 3267.165145399565 2.46085610187827e-05 1227.9703345392847 8.149811579808265 4.731296527435313 -12167917.860513555
2069.2896404134895 42857.14285714286 1132.8257827564166 3260.6642700009784 2.531871416603307e-05 1235.7612976955027 8.091297772195245 4.6994598981678015 -12069620.68178895
2159.265243262068 42857.14285714286 1218.1151394543524 3253.522796197442 2.610141753589479e-05 1243.2327320800318 8.02747934621456 4.665025689865461 -11963899.582233932
2249.240846110645 42857.14285714286 1309.2629646778805 3245.663528690366 2.6974117766062228e-05 1250.5568121925965 7.957796824400395 4.627779075842402 -11850243.696916977
2339.2164489592246 42857.14285714286 1406.6381961051577 3236.9960656019234 2.7958339697940417e-05 1257.9134121386444 7.881606734408071 4.5874844696135035 -11728109.367443021
2429.1920518078027 42857.14285714286 1510.615240238311 3227.4135367400845 2.908129805522564e-05 1265.5000411423648 7.798162613853271 4.543883145362268 -11596919.457092604
2519.167654656382 42857.14285714286 1621.567943700038 3216.7884420631312 3.037824484711019e-05 1273.5452920317225 7.706590706474606 4.496690650623005 -11456063.111483572
2609.1432575049603 42857.14285714286 1739.8604043494706 3204.9667045619944 3.1896051694156396e-05 1282.3282898088921 7.6058557386571035 4.4455936289292035 -11304896.194879742
2699.118860353539 42857.14285714286 1865.8331801460834 3191.759531528883 3.369882188806268e-05 1292.2083632584827 7.494714088640873 4.390246240705703 -11142742.744235672
2789.094463202118 42857.14285714286 1999.7823602399817 3176.9317712956513 3.5877067095384196e-05 1303.6728447631476 7.371646921949239 4.33026599449895 -10968897.96260323
539.7043919876529 64285.71428571429 282.99598491470744 3369.6353214940095 1.2200179582324295e-05 830.1306448254218 8.870767194044232 5.052484638507156 -12397738.079667566
629.6799948362325 64285.71428571429 314.1484233400687 3368.302690847729 1.3165380651270541e-05 891.9244031099206 8.857258545383846 5.044280136751736 -12370881.505755914
719.6555976848101 64285.71428571429 346.48325214414734 3366.822301094133 1.4000248411021555e-05 943.9185455243446 8.842276194666214 5.035191899131605 -12341171.166429814
809.6312005333888 64285.71428571429 380.2931119688301 3365.186202385135 1.4731468281732669e-05 987.9320129390245 8.825747408634816 5.0251794900940085 -12308487.154092647
899.6068033819672 64285.71428571429 415.8353260047796 3363.384856235849 1.537998630964761e-05 1025.3764227843312 8.80758480926837 5.014194298439648 -12272684.988655003
989.5824062305463 64285.71428571429 453.3492105483068 3361.4071750244075 1.596266778169934e-05 1057.3701203228336 8.787687076276452 5.002180118817515 -12233597.944439955
1079.5580090791248 64285.71428571429 493.06636299575354 3359.2404885685046 1.649340143076361e-05 1084.8136525409525 8.765938963015664 4.989073345376724 -12191038.170617266
1169.533611927704 64285.71428571429 535.2172392537374 3356.8704573727628 1.698386913896957e-05 1108.4418202119907 8.742210838406015 4.974802914684061 -12144797.069536569
1259.5092147762816 64285.71428571429 580.035641095632 3354.2809411374938 1.7444105105705743e-05 1128.860820897566 8.716357858010802 4.959290070050126 -12094645.185774729
1349.48481762486 64285.71428571429 627.7619624005029 3351.4538250221417 1.788291850991992e-05 1146.5755262117568 8.688218808937611 4.9424479860857335 -12040331.75186188
1439.460420473439 64285.71428571429 678.6456626574123 3348.368802216822 1.8308226294833344e-05 1162.010018205583 8.65761463780894 4.924181273830682 -11981583.979284042
1529.4360233220175 64285.71428571429 732.947235383547 3345.003108327236 1.8727327092000656e-05 1175.523397625273 8.624346646159276 4.904385375731371 -11918106.151154546
1619.4116261705967 64285.71428571429 790.9398262953168 3341.331200249925 1.9147138254503604e-05 1187.4222065060117 8.588194316854016 4.882945852546211 -11849578.554395795
1709.3872290191748 64285.71428571429 852.9105881883634 3337.324369170961 1.9574412834632717e-05 1197.9703907486726 8.548912714708461 4.859737559117673 -11775656.27863219
1799.3628318677536 64285.71428571429 919.1618055219928 3332.9502233931344 2.001595356038822e-05 1207.3974660581102 8.506229146657144 4.834623658177709 -11695967.903294995
1889.3384347163317 64285.71428571429 990.0118538199138 3328.1723208092876 2.047882085069384e-05 1215.9053618646203 8.459840367663698 4.807454721218615 -11610114.092147704
1979.314037564911 64285.71428571429 1065.7958417094314 3322.949192030019 2.0970589918593352e-05 1223.6743651878342 8.40940675842437 4.778067261957669 -11517666.114829483
2069.28964041349 64285.71428571429 1146.8660628312562 3317.23368251888 2.1499621678401902e-05 1230.8684361254798 8.354547772494179 4.746282524267933 -11418164.317872547
2159.2652432620675 64285.71428571429 1233.5920543614177 3310.971863078742 2.2075408693631974e-05 1237.640225839534 8.294835093880282 4.711904885127824 -11311116.573158989
2249.240846110646 64285.71428571429 1326.3601925405617 3304.1017253557443 2.2709012427670552e-05 1244.136087358784 8.229784445537511 4.6747200893669625 -11195996.740510851
2339.216448959225 64285.71428571429 1425.5726441341944 3296.551534545523 2.34136395172871e-05 1250.5014352403887 8.158845352499405 4.63449324656856 -11072243.19408616
2429.1920518078036 64285.71428571429 1531.6454223109374 3288.237723653761 2.4205424963322944e-05 1256.8869143836039 8.081388179610691 4.590966555324189 -10939257.481167847
2519.167654656382 64285.71428571429 1645.0051790031257 3279.062161071657 2.5104527675438974e-05 1263.4560340736166 7.99668745673334 4.543856712525159 -10796403.209465662
2609.1432575049594 64285.71428571429 1766.0841871707328 3268.908539945273 2.6136707618681585e-05 1270.3952712817652 7.903900019736654 4.4928519551815365 -10643005.299504578
2699.118860353539 64285.71428571429 1895.3126944106216 3257.6375288915306 2.7335663652676317e-05 1277.928265626567 7.802035833765119 4.437608687586035 -10478349.79907269
2789.0944632021183 64285.71428571429 2033.1073936240714 3245.0801428434834 2.874661033843677e-05 1286.3368603959461 7.689918267935791 4.377747654984255 -10301684.54884835
539.7043919876534 85714.28571428572 285.47764350154927 3415.918789826105 1.0795090626614244e-05 829.8464555974821 9.087948532350032 5.096350172160971 -11766185.710339097
629.6799948362321 85714.28571428572 316.9157262109402 3414.7127606424383 1.1643220808764092e-05 891.5570552494044 9.075017664097082 5.088148223843528 -11739093.092912748
719.6555976848107 85714.28571428572 349.55073468716483 3413.3735144794314 1.2374598577854878e-05 943.4603921978606 9.060679877184041 5.0790627199966965 -11709120.381247723
809.6312005333889 85714.28571428572 383.67863889653705 3411.894026592179 1.301281598385293e-05 987.3752767179843 9.044866802492614 5.069053206226185 -11676146.208127607
899.6068033819681 85714.28571428572 419.55994093061946 3410.2658686529644 1.35763532176745e-05 1024.7129017760376 9.027496300236928 5.058071048932757 -11640024.342706699
989.5824062305464 85714.28571428572 457.4371637972625 3408.4792522302178 1.4080047035516299e-05 1056.5909212599022 9.008473187566565 5.046060015301227 -11600586.022353658
1079.5580090791248 85714.28571428572 497.5452634766795 3406.523007869909 1.4536066705166023e-05 1083.9089317281737 8.987689320027796 5.032956465315662 -11557641.064736037
1169.5336119277033 85714.28571428572 540.1183068071997 3404.3845246219958 1.4954592031730758e-05 1107.400516417406 8.965023264805707 5.018689299005467 -11510978.22788745
1259.5092147762816 85714.28571428572 585.3940487547239 3402.049629541053 1.5344304269666324e-05 1127.6703660093683 8.940339532795083 5.0031797039849115 -11460365.072478987
1349.4848176248602 85714.28571428572 633.6172714385183 3399.502453889849 1.5712753581267362e-05 1145.2215184140077 8.913487622956358 4.986340783151024 -11405547.472561784
1439.4604204734383 85714.28571428572 685.042351673629 3396.7252082387686 1.6066647088976943e-05 1160.4758424784227 8.884300529850666 4.968077010981333 -11346248.862950059
1529.4360233220175 85714.28571428572 739.9353725844832 3393.6981930016746 1.641207035141779e-05 1173.7897657804322 8.852594256524808 4.948283830178063 -11282169.278625058
1619.4116261705967 85714.28571428572 798.5758351199827 3390.3991992557503 1.675469669152352e-05 1185.4666073691615 8.818164357635899 4.926846618059613 -11212984.222431941
1709.3872290191748 85714.28571428572 861.2582042234679 3386.8034307183293 1.7099949883409895e-05 1195.7664026625112 8.780784824998658 4.903640067189614 -11138343.386087494
1799.3628318677536 85714.28571428572 928.2932371078216 3382.883079818705 1.7453167356839562e-05 1204.9138933255854 8.740205226514815 4.878527182671403 -11057869.24307682
1889.3384347163317 85714.28571428572 1000.0091565448135 3378.606888109829 1.781975918009379e-05 1213.1051483722767 8.696147635060306 4.851358201531471 -10971155.528782072
1979.3140375649107 85714.28571428572 1076.7526600308124 3373.939615447132 1.8205374822149897e-05 1220.513179136336 8.648302969172345 4.821969365373406 -10877765.62233111
2069.28964041349 85714.28571428572 1158.88974087315 3368.8413967120855 1.8616088146328716e-05 1227.292836469589 8.596326615343713 4.790181528797652 -10777230.845829751
2159.265243262068 85714.28571428572 1246.8062743583369 3363.2669593391593 1.9058613194738685e-05 1233.5852362967296 8.539833165762635 4.755798583338805 -10669048.699832402
2249.2408461106465 85714.28571428572 1340.9082930782347 3357.164659383897 1.9540567438907903e-05 1239.5219435148936 8.478390018812425 4.718605667085325 -10552681.05938068
2339.2164489592246 85714.28571428572 1441.6218398819055 3350.475284170246 2.0070805192299496e-05 1245.2291529999898 8.411509525152017 4.678367128550318 -10427552.363272965
2429.192051807804 85714.28571428572 1549.3922370931875 3343.1305492914203 2.0659853777756484e-05 1250.8321456075196 8.33863923998569 4.63482420682005 -10293047.841381934
2519.167654656382 85714.28571428572 1664.6825382501634 3335.051184420625 2.13205010985905e-05 1256.460378570188 8.25914964614671 4.5876923794911715 -10148511.842334967
2609.143257504961 85714.28571428572 1787.9708338956718 3326.1444874540384 2.2068607232690427e-05 1262.25371276842 8.172318583550554 4.53665834460584 -9993246.349087339
2699.1188603535397 85714.28571428572 1919.7458950145651 3316.301069670792 2.292426097319802e-05 1268.370544308322 8.07731079291998 4.481376522067474 -9826509.806595806
2789.0944632021183 85714.28571428572 2060.5005358523035 3305.3907757484467 2.3913451583239383e-05 1274.999005036546 7.973152068169515 4.421465231335777 -9647516.439958487
539.7043919876538 107142.85714285716 287.67447309356135 3459.1701220055234 9.647358824504944e-06 829.6210419733959 9.292125868528775 5.138129255988332 -11142850.912245343
629.6799948362319 107142.85714285716 319.3644426459448 3458.070129890713 1.0401084125734833e-05 891.2659777399472 9.279679946763343 5.129922663948742 -11115549.384351563
719.6555976848107 107142.85714285716 352.2638690653309 3456.8490026289714 1.104945654654304e-05 943.0977717409855 9.265882708768869 5.120831871753762 -11085344.55746445
809.6312005333889 107142.85714285716 386.67160274371156 3455.5004564532674 1.1613550756598321e-05 986.9351786926861 9.250669291981408 5.110816354211246 -11052113.805406198
899.6068033819672 107142.85714285716 422.8508777898681 3454.0169518070725 1.2109850191768123e-05 1024.189112006771 9.23396176311039 5.099827392994845 -11015709.387323191
989.582406230546 107142.85714285716 461.04695555154115 3452.3897384196052 1.2551560286152577e-05 1055.9767463533128 9.21566985856927 5.087808654938984 -10975960.785404261
1079.5580090791248 107142.85714285716 501.4976425419024 3450.6088427258223 1.2949480302945768e-05 1083.197009267878 9.195691110770262 5.0746963817535224 -10932675.811390683
1169.5336119277035 107142.85714285716 544.440050970785 3448.663014529181 1.3312608075805018e-05 1106.5826235769803 9.17391056134215 5.0604193281272085 -10885640.952693628
1259.5092147762828 107142.85714285716 590.1152518385771 3446.5396408820393 1.3648575724482533e-05 1126.7372159220095 9.15020016261237 5.044898520174344 -10834621.213695372
1349.4848176248606 107142.85714285716 638.7716872879839 3444.224630357115 1.3963974642446607e-05 1144.1625345129764 9.124417916388815 5.028046872801449 -10779359.598908141
1439.4604204734392 107142.85714285716 690.6678232961706 3441.702267949482 1.4264606132048613e-05 1159.2788984346003 9.096406768650814 5.00976868602167 -10719576.325960502
1529.4360233220173 107142.85714285716 746.0743212712669 3438.955038764501 1.4555681436976518e-05 1172.4408863184306 9.065993258803195 4.9899590290900395 -10654967.82313091
1619.411626170596 107142.85714285716 805.2758944413803 3435.9634168994335 1.4841987415753414e-05 1183.9495990713476 9.032985907056313 4.968503014018842 -10585205.546621356
1709.3872290191748 107142.85714285716 868.5729485843651 3432.70561421664 1.5128029566959695e-05 1194.0624108776597 8.997173310190508 4.9452749547385 -10509934.641069515
1799.3628318677534 107142.85714285716 936.2830650379992 3429.1572818230325 1.5418161412193155e-05 1203.0008526560907 8.95832190248244 4.920137403896203 -10428772.459846087
1889.3384347163317 107142.85714285716 1008.7423556587601 3425.291154825879 1.5716707748219158e-05 1210.957095022636 8.916173323379386 4.892940055439968 -10341306.957814328
1979.31403756491 107142.85714285716 1086.3066980303595 3421.0766281239594 1.6028088674104575e-05 1218.0993802002995 8.870441315114485 4.863518497334655 -10247094.967554767
2069.2896404134895 107142.85714285716 1169.3528407749825 3416.4792473584143 1.6356951448339207e-05 1224.5766744763941 8.820808050123754 4.831692794717333 -10145660.370151805
2159.265243262068 107142.85714285716 1258.2793504516742 3411.460094341484 1.670831814194169e-05 1230.5227630860938 8.766919757589893 4.797265879290577 -10036492.173369247
2249.240846110645 107142.85714285716 1353.5073507867412 3405.9750398105375 1.7087758869158503e-05 1236.0599813137562 8.708381477538403 4.760021715560633 -9919042.513513746
2339.2164489592255 107142.85714285716 1455.4809847857741 3399.9738478076265 1.750160243749782e-05 1241.3027649341418 8.644750811006025 4.719723225621653 -9792724.602825321
2429.192051807804 107142.85714285716 1564.6674484925588 3393.398928781467 1.7957209435217017e-05 1246.3612259762715 8.575529630912563 4.676109799242293 -9656910.65243094
2519.167654656382 107142.85714285716 1681.5565818196476 3386.184187886998 1.8463308281666792e-05 1251.344944849609 8.5001557585853 4.628894770209458 -9510929.81268574
2609.1432575049603 107142.85714285716 1806.6595269224695 3378.252914859443 1.9030477628841187e-05 1256.367345547058 8.41798948367711 4.577761986861688 -9354066.189549632
2699.118860353539 107142.85714285716 1940.5064478768763 3369.515707156333 1.9671777077729012e-05 1261.5509837634365 8.328299408807984 4.522362345989461 -9185557.019723807
2789.094463202118 107142.85714285716 2083.642618325495 3359.867428105364 2.0403653029322035e-05 1267.0344255175282 8.230242608424524 4.462309520445826 -9004591.122059653
539.7043919876534 128571.42857142858 289.63660805868426 3499.851456475415 8.691397615846158e-06 829.4385441078902 9.48519669091814 5.178111265543688 -10527028.80968544
629.6799948362321 128571.42857142858 321.55084665559934 3498.841870187986 9.367313994790879e-06 891.0305108328206 9.473164548830075 5.169894950985191 -10499540.720043859
719.6555976848109 128571.42857142858 354.68549152444575 3497.7213823771926 9.94757520586373e-06 942.8046968806867 9.459828223856325 5.160793220418315 -10469128.68001416
809.6312005333889 128571.42857142858 389.34191821119407 3496.4843180674857 1.0451163997250254e-05 986.5798425213105 9.445125739068173 5.150765444948669 -10435668.962890511
899.6068033819677 128571.42857142858 425.7857423277719 3495.1238615718994 1.089291076504486e-05 1023.7666709575385 9.42898259234867 5.139762776069987 -10399012.507812053
989.5824062305466 128571.42857142858 464.26460026697885 3493.632118230287 1.1284677081976066e-05 1055.48201222259 9.411312580543775 5.127728738466521 -10358987.263777113
1079.5580090791248 128571.42857142858 505.0187582102217 3492.0000937539444 1.1636141466805337e-05 1082.6243050108058 9.392017891741046 5.11459940358387 -10315399.292435342
1169.5336119277035 128571.42857142858 548.2879438245134 3490.2176536322786 1.1955343377133402e-05 1105.9256403737347 9.370988883917983 5.100303326999635 -10268033.103277324
1259.5092147762816 128571.42857142858 594.3160616177756 3488.2734517947097 1.2249074285951254e-05 1125.9888639232147 9.348103562348657 5.0847613033546635 -10216651.47807995
1349.4848176248609 128571.42857142858 643.354665705532 3486.1548328241533 1.2523168317298806e-05 1143.3147800687725 9.323226810544341 5.067885978365375 -10160994.931734445
1439.4604204734394 128571.42857142858 695.6656758808138 3483.8477091460395 1.2782725101670546e-05 1158.322580331295 9.296209399424047 5.0495813385448125 -10100780.897363596
1529.4360233220177 128571.42857142858 751.5236193615883 3481.3364120048873 1.3032286095968512e-05 1171.36550265709 9.26688677704922 5.029742087237392 -10035702.690006088
1619.4116261705967 128571.42857142858 811.2175676960441 3478.60351358367 1.32759787780541e-05 1182.7430548765528 9.235077627706586 5.008252908171181 -9965428.283289978
1709.3872290191748 128571.42857142858 875.0528722305268 3475.6296162493622 1.3517638950075342e-05 1192.710714194527 9.200582177650967 4.984987612326888 -9889598.921491247
1799.3628318677536 128571.42857142858 943.3527606013841 3472.3931034463544 1.3760918824942579e-05 1201.4877435523385 9.163180213659228 4.959808159504534 -9807827.582047628
1889.338434716332 128571.42857142858 1016.45982951975 3468.8698450628126 1.400938705345399e-05 1209.263587202442 9.122628768404825 4.932563541930958 -9719697.299275853
1979.314037564911 128571.42857142858 1094.7374493308505 3465.032848015301 1.4266626062657781e-05 1216.2031883122831 9.078659412373923 4.903088513188436 -9624759.357796159
2069.2896404134895 128571.42857142858 1178.5710796582127 3460.8518403303046 1.4536331855825898e-05 1222.451490824552 9.030975075159771 4.871202141503228 -9522531.36352009
2159.265243262069 128571.42857142858 1268.3694800062483 3456.292772400198 1.4822421779190934e-05 1228.1373341242022 8.979246290711604 4.836706160372547 -9412495.200806221
2249.2408461106456 128571.42857142858 1364.5657836105097 3451.317217939248 1.512915650550008e-05 1233.3769148703345 8.923106747371031 4.7993830866805185 -9294094.886537671
2339.216448959225 128571.42857142858 1467.6183824900854 3445.881645601538 1.5461284263524395e-05 1238.276972329329 8.862147957641891 4.758994064440559 -9166734.335606953
2429.1920518078036 128571.42857142858 1578.0115480678855 3439.936529174209 1.5824217674699713e-05 1242.937849534486 8.795912833245124 4.715276388474824 -9029775.057980375
2519.167654656382 128571.42857142858 1696.2556781742583 3433.4252496528757 1.6224257612835858e-05 1247.456594448126 8.723887860961087 4.6679406489965505 -8882533.815763516
2609.143257504961 128571.42857142858 1822.887015745008 3426.282727260125 1.6668884567595675e-05 1251.9302964727283 8.645493473085361 4.616667425968922 -8724280.280438274
2699.118860353539 128571.42857142858 1958.4666195173206 3418.4336980831486 1.716714753980984e-05 1256.4599125695333 8.560072052986168 4.561103446027581 -8554234.747109272
2789.094463202118 128571.42857142858 2103.5782724971386 3409.790516091973 1.773019568162606e-05 1261.1549390920354 8.466872792777966 4.500857095292751 -8371565.98634484
539.704391988518 150000.0 291.4019949164184 3538.320629193541 7.882298113519742e-06 829.288287816922 9.668642287440429 5.21652298869438 -9918128.098079829
629.6799948362319 150000.0 323.51748532604927 3537.3892507638006 8.49293230319287e-06 890.8367744719068 9.656967978466819 5.20829329246018 -9890472.17635891
719.6555976848107 150000.0 356.8630520289794 3536.355762617586 9.016259340065414e-06 942.5637426486506 9.644029963436038 5.199176546691998 -9859873.779157206
809.6312005333892 150000.0 391.74230804193934 3535.2150111807146 9.469493759711122e-06 986.287940939878 9.629768738101395 5.1891320085696 -9826208.207378872
899.6068033819677 150000.0 428.422969766399 3533.9607985337593 9.866072473646913e-06 1023.4199596260387 9.614112729564853 5.178110685632467 -9789325.233783284
989.5824062305466 150000.0 467.1547581962234 3532.5859384320756 1.0216729060788772e-05 1055.0763734589068 9.596979097335023 5.166055922298771 -9749051.453421917
1079.5580090791248 150000.0 508.1800895562126 3531.0822534893696 1.053020617354504e-05 1082.1552530749748 9.578273914224871 5.15290358447392 -9705191.383991748
1169.5336119277035 150000.0 551.7409684219117 3529.440539455872 1.0813748539227968e-05 1105.3882114106357 9.55789197224943 5.138581990706943 -9657527.792288676
1259.5092147762816 150000.0 598.0837560386238 3527.6505037556344 1.1073456775359313e-05 1125.3775027834401 9.535716311731091 5.123011661765781 -9605821.504820978
1349.4848176248609 150000.0 647.4626937334175 3525.7006814788774 1.1314549622895645e-05 1142.6232186346892 9.51161752347282 5.106104926965943 -9549810.850178406
1439.460420473439 150000.0 700.1426713351677 3523.578329673124 1.1541564190821127e-05 1157.5437019475028 9.485452846296496 5.08776540689719 -9489210.821083102
1529.4360233220175 150000.0 756.4015261304196 3521.2692991882154 1.1758513393097017e-05 1170.4911867916235 9.457065064826256 5.067887380889156 -9423712.010100977
1619.411626170596 150000.0 816.5320447004602 3518.757882084816 1.1969013516627716e-05 1181.7639952233733 9.42628119996787 5.046355040066778 -9352979.35286935
1709.3872290191741 150000.0 880.8437740211359 3516.0266314809187 1.2176391018033873e-05 1191.616202006504 9.392910974355432 5.023041621330781 -9276650.70041021
1799.3628318677536 150000.0 949.6647076869638 3513.0561495367383 1.238377525538988e-05 1200.265405943407 9.356745025474522 4.997808413037125 -9194335.234488077
1889.3384347163317 150000.0 1023.3428866546392 3509.8248379476036 1.2594182390393499e-05 1207.8990672784148 9.317552829090364 4.970503618921881 -9105611.73531358
1979.3140375649107 150000.0 1102.2479351868787 3506.3086037140333 1.2810594850767755e-05 1214.679749978251 9.275080284049578 4.940961062500912 -9010026.70823264
2069.28964041349 150000.0 1186.7725263633308 3502.480450390279 1.3036042414396916e-05 1220.749527819492 9.229046606687874 4.908998653926862 -8907092.374861602
2159.265243262068 150000.0 1277.3338388921186 3498.3103066108733 1.3273676661388396e-05 1226.2337413870132 9.179142187951685 4.874416925114185 -8796284.534182858
2249.2408461106456 150000.0 1374.3748090015347 3493.764140627557 1.3526874756631363e-05 1231.2443037567978 9.125022845844779 4.8369967382453405 -8677040.300343767
2339.216448959225 150000.0 1478.3653922351648 3488.8036785123527 1.3799332811102709e-05 1235.8826459112547 9.06630671612894 4.796497354617633 -8548755.726394417
2429.192051807804 150000.0 1589.8035672957108 3483.3855587460707 1.4095193930899429e-05 1240.2424726953266 9.00256816279516 4.752653761534329 -8410783.327195022
2519.1676546563817 150000.0 1709.2161127960273 3477.4604710612775 1.441920024260149e-05 1244.4124370751215 8.933331252164173 4.7051737265908296 -8262429.520632742
2609.143257504961 150000.0 1837.159014655958 3470.972071826621 1.4776886668054944e-05 1248.4788812653255 8.858061708876773 4.653734348961786 -8102952.014747346
2699.1188603535397 150000.0 1974.2173506107385 3463.8556351069597 1.5174833258973259e-05 1252.528816581068 8.77615703562427 4.597978024608428 -7931557.180335397
2789.094463202118 150000.0 2121.004428773091 3456.0363556253114 1.562100169057988e-05 1256.6533691419927 8.686934227744096 4.53750769770471 -7747397.4655209705
