# This is a data table for forsterite computed using BurnMan.
# Independent variables are entropy and pressure.
# POINTS: 26 8
# s,J/kg/K P(bar) T(K) rho,kg/m3 alpha,1/K cp,J/K/kg vp,km/s vs,km/s h,J/kg
542.082254725585 0.0 272.99999999999994 3228.59612270465 2.0683629439079355e-05 834.203114455934 8.591102705825714 5.035969774419377 -14444972.347866785
632.1622036003118 0.0 302.9312981580019 3226.517239977917 2.2305102727769644e-05 896.4861432751892 8.579954697608338 5.027987937749551 -14419039.629683435
722.2421524750381 0.0 333.9775707423164 3224.2115153537966 2.3704618611471993e-05 949.0722495044263 8.567592247832684 5.019142483680015 -14390362.735693926
812.3221013497656 0.0 366.41389038944646 3221.667659484454 2.4926999465656726e-05 993.7719339713316 8.553955420946098 5.0093924521276865 -14358828.492969073
902.4020502244929 0.0 400.48062314589095 3218.8721396012365 2.600740639038915e-05 1031.9927718818424 8.538972318760562 4.998688683140464 -14324300.673139904
992.4819990992193 0.0 436.3997273513752 3215.8092785057847 2.6974115496509132e-05 1064.8523405428573 8.522559636721871 4.9869743028561935 -14286622.315916311
1082.5619479739464 0.0 474.384341379146 3212.4612573642494 2.785036561858757e-05 1093.25303695149 8.50462268559696 4.9741848322296045 -14245616.919964775
1172.6418968486726 0.0 514.6447928568161 3208.8080203262334 2.8655646361289286e-05 1117.9337562083097 8.485054946238602 4.9602480123467325 -14201088.946890151
1262.7218457233998 0.0 557.3925976907431 3204.8273133144185 2.9406623078122493e-05 1139.5068402045108 8.463737906902558 4.945083626446181 -14152823.883501505
1352.8017945981262 0.0 602.8431202011933 3200.4940911448425 3.0117860060374383e-05 1158.485315633014 8.440538843893213 4.92860258267998 -14100588.006539049
1442.8817434728535 0.0 651.2175838586385 3195.780828569805 3.080234466916109e-05 1175.3034668161351 8.41531126821196 4.910706794735697 -14044127.940256216
1532.9616923475803 0.0 702.7443760275175 3190.6569284642824 3.1471951944374894e-05 1190.3328078833815 8.387892477377546 4.891288067148772 -13983170.06761624
1623.0416412223071 0.0 757.6599764200984 3185.088444505906 3.2137826486514746e-05 1203.8947560775525 8.358101938286094 4.870227190420914 -13917419.83947436
1713.121590097034 0.0 816.2095180744227 3179.037739202249 3.281072628205225e-05 1216.2709519736432 8.32573931483526 4.847392859864104 -13846561.017556772
1803.2015389717612 0.0 878.6469840360331 3172.4630176320948 3.350135391239814e-05 1227.711909705794 8.290581922945844 4.822640343216224 -13770254.8835509
1893.2814878464874 0.0 945.2350326958837 3165.3177888033247 3.422069252220865e-05 1238.4445149259157 8.2523817289847 4.795809927344243 -13688139.446808016
1983.361436721215 0.0 1016.2443974406625 3157.5502271467067 3.4980368621428866e-05 1248.6787984573107 8.210861747540893 4.766725087965934 -13599828.68643843
2073.441385595942 0.0 1091.9527614776696 3149.1023771762943 3.579306898434093e-05 1258.614374102675 8.165711580580432 4.7351902870363265 -13504911.86987781
2163.521334470669 0.0 1172.643050133271 3139.9093655251445 3.667303080491744e-05 1268.4469068994306 8.116582506258462 4.7009885135500005 -13402952.99965743
2253.601283345395 0.0 1258.6007547408958 3129.898008515834 3.763668575791614e-05 1278.375111329339 8.063080044875932 4.663877882052261 -13293490.453866316
2343.681232220123 0.0 1350.1103823188173 3118.985702432731 3.870345804672791e-05 1288.6087283027878 8.004756583219397 4.623588094923634 -13176036.904886348
2433.761181094849 0.0 1447.4503466690091 3107.078576645889 3.989686985187811e-05 1299.378338964772 7.941100554585732 4.579815612703916 -13050079.627325
2523.8411299695745 0.0 1550.8860249442591 3094.069359649908 4.12460583296496e-05 1310.9480639376743 7.871523160790577 4.532217813381619 -12915081.342576237
2613.921078844303 0.0 1660.6602688502087 3079.83467205982 4.278793426509247e-05 1323.6328689320765 7.795341109512851 4.480405605403947 -12770481.798572762
2704.0010277190295 0.0 1776.9803466914059 3064.2314208756775 4.4570354302926694e-05 1337.8232612186396 7.711753380245997 4.42393380333033 -12615700.356016273
2794.080976593756 0.0 1900.0000000000002 3047.092149759866 4.6656906893002625e-05 1354.021991038762 7.619810100581252 4.362288587942166 -12450139.957820103
542.082254725585 21428.57142857143 277.3064786802789 3280.8344108488536 1.9012780826079647e-05 833.7527601686689 8.749695354235968 5.086923238951401 -13786617.048523039
632.1622036003115 21428.57142857143 307.72893713802586 3278.86104116492 2.0494901565474373e-05 895.9043526782253 8.738970920068137 5.079065119223957 -13760274.438511107
722.2421524750384 21428.57142857143 339.290271925198 3276.6727899248276 2.177105947597391e-05 948.3469303646102 8.727080962901265 5.070357771840715 -13731142.375745976
812.3221013497656 21428.57142857143 372.2710347547713 3274.259095180743 2.288244422172943e-05 992.8907868877715 8.713968768394155 5.060761211928217 -13699105.283590803
902.402050224492 21428.57142857143 406.91675588020746 3271.607289016666 2.3861316881359434e-05 1030.9428308657525 8.699566279933249 5.050227441956811 -13664024.053374534
992.4819990992195 21428.57142857143 443.4545377379307 3268.7027043436537 2.4733564189824235e-05 1063.6195555095687 8.683794694279436 5.038700951291969 -13625738.381968778
1082.5619479739464 21428.57142857143 482.10283830397964 3265.528665053717 2.5520397393115698e-05 1091.8218690967421 8.666564469959201 5.026118821139634 -13584067.955066081
1172.6418968486735 21428.57142857143 523.0776533738657 3262.0665377085757 2.6239527781944414e-05 1116.286757705161 8.647775363598772 5.012410703547048 -13538812.927982545
1262.7218457234 21428.57142857143 566.5965817745958 3258.2953470562256 2.6906030703075115e-05 1137.6242122589733 8.62731502014009 4.997498244234201 -13489753.951949162
1352.801794598127 21428.57142857143 612.8817504383411 3254.192050400296 2.7532965898496585e-05 1156.3443823062573 8.605059458719364 4.981295031962021 -13436651.891057065
1442.8817434728535 21428.57142857143 662.1618035875821 3249.7309072558237 2.813189148720147e-05 1172.8780970324283 8.580870709188 4.963705576927655 -13379247.32011411
1532.9616923475803 21428.57142857143 714.6734602251342 3244.8835426672426 2.8713249703554306e-05 1187.59270313193 8.554596453172405 4.94462486497857 -13317259.863206917
1623.0416412223071 21428.57142857143 770.6625851500244 3239.618520390816 2.9286707782837304e-05 1200.8045917138395 8.526068059701625 4.92393734113668 -13250387.415648092
1713.1215900970337 21428.57142857143 830.3849880342526 3233.901189746165 2.986144297261244e-05 1212.7893092905226 8.495099325560052 4.901516053151303 -13178305.2826875
1803.2015389717603 21428.57142857143 894.10677754899 3227.6929122953543 3.0446433037141765e-05 1223.7899605816701 8.461483162039576 4.877221075306896 -13100665.26402588
1893.2814878464876 21428.57142857143 962.1046108700261 3220.9511050643346 3.1050697296739835e-05 1234.0243219657875 8.424990596223367 4.850898588889967 -13017094.71232326
1983.361436721215 21428.57142857143 1034.6653755008224 3213.628332056724 3.168359080147219e-05 1243.6911569152328 8.385366624295568 4.8223788781465835 -12927195.595854357
2073.4413855959406 21428.57142857143 1112.085566240695 3205.671774498764 3.235510210342406e-05 1252.9759948087708 8.342326934640083 4.791474501355288 -12830543.600025408
2163.521334470668 21428.57142857143 1194.6701621180136 3197.022583555526 3.3076197407470985e-05 1262.0567075762071 8.295553906685498 4.757978114449137 -12726687.309788045
2253.6012833453956 21428.57142857143 1282.730699939467 3187.6146653665455 3.3859262549986555e-05 1271.1092570061967 8.244690376535466 4.72165944967963 -12615147.525547871
2343.6812322201217 21428.57142857143 1376.582713816751 3177.3738737554113 3.471862160545028e-05 1280.3138994245837 8.189334047661847 4.682262330869074 -12495416.779814478
2433.761181094849 21428.57142857143 1476.5418978380317 3166.216468051252 3.5671245676912514e-05 1289.862437253353 8.129028798025768 4.639500507062994 -12366959.141889913
2523.841129969576 21428.57142857143 1582.918887233227 3154.047467852524 3.673768867142706e-05 1299.9671268959737 8.063254553554415 4.59305278775816 -12229210.425322486
2613.921078844302 21428.57142857143 1696.0120674059517 3140.758527110426 3.7943383081687614e-05 1310.8722614774713 7.991414137616112 4.542556921035419 -12081578.95063191
2704.001027719029 21428.57142857143 1816.0977444801936 3126.225244333532 3.932047668653081e-05 1322.8699501479655 7.9128162241137 4.487601865979566 -11923447.068452206
2794.080976593756 21428.57142857143 1943.4166890386382 3110.3036903269394 4.091051020645371e-05 1336.3225481005395 7.826652792282378 4.427717858547704 -11754173.722727308
542.082254725585 42857.14285714286 281.27807576079084 3330.610130523294 1.7594729853686566e-05 833.3765022316734 8.899274887403925 5.1341816564478195 -13138415.901215378
632.1622036003115 42857.14285714286 312.15236283774186 3328.728988533914 1.89598339144547e-05 895.4186945256512 8.888914184728703 5.126425318250175 -13111695.322079362
722.2421524750388 42857.14285714286 344.1871806678581 3326.6433655791293 2.0132852294078967e-05 947.7420235890885 8.877429707796235 5.117831535069798 -13082143.653581066
812.3221013497656 42857.14285714286 377.6680578729678 3324.3433115479816 2.1151899747053986e-05 992.1566741061117 8.864767401817193 5.1083610996177 -13049643.140640358
902.4020502244925 42857.14285714286 412.84519487248656 3321.8168915592505 2.2046792504591057e-05 1030.0690739420497 8.85086239769552 5.097966946223788 -13014052.064165918
992.4819990992193 42857.14285714286 449.9503255908063 3319.0502926722847 2.2841414303023095e-05 1062.5949028136813 8.835639618734373 5.086594654913533 -12975207.09325241
1082.5619479739464 42857.14285714286 489.20668635436147 3316.02786691577 2.3555286927666567e-05 1090.6339368495887 8.81901396726878 5.074182612941225 -12932924.46343541
1172.6418968486728 42857.14285714286 530.8352962502842 3312.7319244816917 2.4204666552631636e-05 1114.9217136825632 8.80088960710809 5.060661756638905 -12887000.438523209
1262.7218457233996 42857.14285714286 575.059233107519 3309.1430130131785 2.480331564333064e-05 1136.06642251703 8.781160589984687 5.045955635235195 -12837211.30664765
1352.8017945981262 42857.14285714286 622.1065384106414 3305.239318865092 2.5363106145409188e-05 1154.5760426326121 8.759708746250485 5.0299795422724145 -12783313.056748224
1442.8817434728535 42857.14285714286 672.2124387253334 3300.9968194649546 2.589445896484917e-05 1170.8787872043902 8.736403740724239 5.012640256949465 -12725040.825796202
1532.9616923475794 42857.14285714286 725.6209627549038 3296.388955889769 2.6406708428774662e-05 1185.3388757943046 8.711101593969092 4.993835243598165 -12662108.175888639
1623.0416412223071 42857.14285714286 782.5861850125594 3291.3864034229828 2.690839920397937e-05 1198.2689519027906 8.683643397926371 4.973451849862302 -12594206.242626267
1713.1215900970333 42857.14285714286 843.3731517331961 3285.9567797488794 2.7407542609388848e-05 1209.9400665119392 8.653853731071584 4.951366346132759 -12521002.786297051
1803.2015389717608 42857.14285714286 908.2585270272372 3280.064304793695 2.7911847715489254e-05 1220.5898806114983 8.62153879647338 4.9274428080562656 -12442141.1723937
1893.2814878464876 42857.14285714286 977.5309607878277 3273.6693990116596 2.8428940911051397e-05 1230.4295702937397 8.586484217274169 4.901531813643028 -12357239.306368507
1983.3614367212151 42857.14285714286 1051.4911558025717 3266.7282153887863 2.8966586033767853e-05 1239.6498081949724 8.548452441206694 4.873468929090169 -12265888.548512006
2073.441385595941 42857.14285714286 1130.451583595299 3259.1920864796857 2.95329178928635e-05 1248.4261286085396 8.507179652293127 4.843072937656484 -12167652.638142243
2163.521334470667 42857.14285714286 1214.7357735251148 3251.0068725761753 3.013670324943032e-05 1256.9239483027739 8.462372087429657 4.810143761995283 -12062066.661944196
2253.601283345396 42857.14285714286 1304.6770569005896 3242.1121630469115 3.078764806184334e-05 1265.3035107875824 8.41370153064802 4.774459986865787 -11948636.109616835
2343.681232220122 42857.14285714286 1400.6166741018928 3232.440446624117 3.14967663686115e-05 1273.725027061853 8.360800233596985 4.735776030293606 -11826836.071565596
2433.7611810948492 42857.14285714286 1502.9008445327763 3221.915721547542 3.2276868492280026e-05 1282.3544064427817 8.303253483102012 4.693818375691105 -11696110.649166148
2523.8411299695745 42857.14285714286 1611.8769169224418 3210.452456877292 3.314316282038318e-05 1291.369927733909 8.24059242028212 4.648281623263605 -11555872.66953537
2613.9210788443024 42857.14285714286 1727.8877559250648 3197.953680159738 3.411409979041933e-05 1300.970596453805 8.17228304277741 4.598823039935342 -11405503.825871488
2704.00102771903 42857.14285714286 1851.2641199585219 3184.308811055826 3.521252375768538e-05 1311.3870483895134 8.097712874127888 4.545055986147046 -11244355.404382614
2794.080976593756 42857.14285714286 1982.3143690905406 3169.391129643791 3.646728913272827e-05 1322.8964027638426 8.016174360985843 4.486541818907291 -11071749.81431765
542.082254725585 64285.71428571429 284.9619061674405 3378.211642272747 1.637568745292374e-05 833.0576876943593 9.04094763973367 5.17820763195312 -12499619.946651727
632.1622036003118 64285.71428571429 316.25438966350004 3376.411988520747 1.7641102261911134e-05 895.0074748854096 9.030902668931802 5.1705355363523005 -12472548.822786504
722.2421524750388 64285.71428571429 348.7271847229558 3374.417000553838 1.872657728579812e-05 947.2302342866652 9.019769965427496 5.162035708161749 -12442608.083673486
812.3221013497656 64285.71428571429 382.67037766578215 3372.2172543666916 1.966758840788947e-05 991.5361028813658 9.007497714942005 5.152669569830172 -12409677.983621458
902.4020502244925 64285.71428571429 418.3384292141767 3369.801445298491 2.0491860424830123e-05 1029.3311539539086 8.994023732747726 5.142390810117758 -12373614.418094322
992.4819990992199 64285.71428571429 455.967282452356 3367.1564939786463 2.1221571201520035e-05 1061.7304414689731 8.979276076503721 5.131145891181587 -12334251.290732061
1082.5619479739457 64285.71428571429 495.7844906552298 3364.267565021708 2.1874814804167863e-05 1089.632861313136 8.963173174177127 5.118874192198197 -12291401.688454673
1172.6418968486735 64285.71428571429 538.0156422861226 3361.118027235298 2.2466615565442336e-05 1113.7728133999078 8.945623627976149 5.105507914257285 -12244858.327517912
1262.7218457234 64285.71428571429 582.8886868626638 3357.6893638462093 2.30096575917268e-05 1134.7570875460574 8.926525757958826 5.090971805596866 -12194393.523726756
1352.8017945981273 64285.71428571429 630.6370076815648 3353.961076406269 2.3514826074613247e-05 1153.0919647770902 8.905767034364588 5.075182774024494 -12139758.83409244
1442.8817434728535 64285.71428571429 681.5016902847148 3349.910495433474 2.3991624344329133e-05 1169.2036303254552 8.88322314749585 5.0580493201405465 -12080684.460410919
1532.9616923475808 64285.71428571429 735.733268023955 3345.512616358685 2.44485021436275e-05 1183.4538879482116 8.858757068659981 5.039470904421371 -12016878.473436084
1623.0416412223071 64285.71428571429 793.5930830327704 3340.739871614257 2.4893124983363174e-05 1196.1525049856475 8.832217831631164 5.019337165318718 -11948025.898093797
1713.1215900970337 64285.71428571429 855.3543520176934 3335.5618699055 2.5332602503693865e-05 1207.5670999774218 8.803439117103071 4.997527010805637 -11873787.689804126
1803.2015389717612 64285.71428571429 921.3029769996913 3329.945091993333 2.5773690391758426e-05 1217.9312201072798 8.772237593507455 4.973907563437084 -11793799.626463873
1893.281487846488 64285.71428571429 991.7381111060063 3323.8525362305345 2.6222977422187167e-05 1227.4510827838817 8.738410973639526 4.948332938254919 -11707671.13840731
1983.361436721214 64285.71428571429 1066.9724612476402 3317.243293432517 2.6687068264850763e-05 1236.3113433919832 8.701735698585264 4.920642815441736 -11614984.098897386
2073.441385595941 64285.71428571429 1147.3323149339367 3310.072121376909 2.7172768421192724e-05 1244.6801731675514 8.661964425503184 4.8906608472556306 -11515291.600046303
2163.521334470668 64285.71428571429 1233.157156425394 3302.288759567946 2.7687292221785433e-05 1252.713908676654 8.618822489894473 4.8581926280648755 -11408116.74347577
2253.601283345395 64285.71428571429 1324.7989071661277 3293.8373734142665 2.8238488898976905e-05 1260.5614754918056 8.572004454112294 4.823023543503413 -11292951.481698662
2343.6812322201217 64285.71428571429 1422.620546350696 3284.655696297078 2.883511961945254e-05 1268.3688429670392 8.521169356874356 4.78491604689394 -11169255.55556734
2433.761181094849 64285.71428571429 1526.9940222833584 3274.6740848706186 2.948719574368984e-05 1276.2837553365575 8.465935200642267 4.7436064891663 -11036455.585891519
2523.8411299695754 64285.71428571429 1638.2971897916657 3263.8143241365183 3.0206412728988432e-05 1284.4610701183228 8.405872026728055 4.698801255836731 -10893944.394532984
2613.921078844302 64285.71428571429 1756.9096010723688 3251.988391255237 3.1006707831550996e-05 1293.0691006888458 8.340494007832588 4.650172277307383 -10741080.653479438
2704.0010277190295 64285.71428571429 1883.2063751374408 3239.096347154336 3.190504210181323e-05 1302.2976585751724 8.269247702296362 4.597350963418027 -10577188.99184537
2794.080976593756 64285.71428571429 2017.5502497069872 3225.0245948012403 3.292243111636053e-05 1312.3685275518205 8.19149985234932 4.539921472978401 -10401560.733792124
542.082254725585 85714.28571428572 288.39573084333904 3423.876067383687 1.5316142984488663e-05 832.7842689708198 9.17562054565997 5.219379093988673 -11869580.099868042
632.1622036003118 85714.28571428572 320.0773140805205 3422.149080597848 1.6495582440366225e-05 894.6550226981644 9.165852196069935 5.211776994335913 -11842182.251752716
722.2421524750388 85714.28571428572 352.95740444847877 3420.2348834762665 1.7505797424026512e-05 946.7918777841578 9.155027541777933 5.203355204749421 -11811878.952164946
812.3221013497656 85714.28571428572 387.33029036856806 3418.12451014357 1.8379972754971098e-05 991.0049623035261 9.143096680546327 5.194075661506135 -11778548.623782873
902.4020502244929 85714.28571428572 423.45434738913525 3415.807204698377 1.9144022103708625e-05 1028.7000830996878 9.129999717968012 5.1838926687973 -11742044.96701158
992.4819990992193 85714.28571428572 461.569373862222 3413.2705259839395 1.981865134206203e-05 1060.9918026025127 9.115667383208237 5.1727534078394335 -11702199.341806464
1082.561947973946 85714.28571428572 501.90686822396214 3410.5003691951856 2.0420727554620328e-05 1088.7783160159597 9.100021176854236 5.160598087080436 -11658821.941011937
1172.6418968486735 85714.28571428572 544.6965629054158 3407.4809166999567 2.0964227533073455e-05 1112.7931169110159 9.082973163022753 5.147359843734547 -11611702.223120984
1262.7218457234005 85714.28571428572 590.1708497174519 3404.1946051501436 2.1460917319350967e-05 1133.6418745309836 9.064425701300824 5.132964526037241 -11560608.860110493
1352.801794598127 85714.28571428572 638.5679401429081 3400.6220365355975 2.1920856371533237e-05 1151.8295170005701 9.04427092557902 5.11733031913358 -11505289.348710723
1442.8817434728535 85714.28571428572 690.1341942798056 3396.741644084266 2.2352789712614108e-05 1167.7806200808668 9.0223894190527 5.100367059537314 -11445469.375837727
1532.9616923475796 85714.28571428572 745.1259987102467 3392.5297930081824 2.2764442948426684e-05 1181.855075971557 8.998650095376936 5.08197584930014 -11380851.996553471
1623.0416412223071 85714.28571428572 803.8112072553994 3387.960420179606 2.316277366769058e-05 1194.3603887223512 8.972908637647725 5.062048170669378 -11311116.664246524
1713.1215900970333 85714.28571428572 866.4703309667734 3383.00483281391 2.355417695485631e-05 1205.5614914569194 8.945006317758562 5.040465048551792 -11235918.141937869
1803.2015389717612 85714.28571428572 933.3974879322719 3377.631433936246 2.3944665242191675e-05 1215.6887334627845 8.91476849876088 5.017096044530594 -11154885.317672368
1893.281487846488 85714.28571428572 1004.9011342833832 3371.8054037964507 2.4340031606597945e-05 1224.944504624101 8.88200288966952 4.99179809508303 -11067619.944232948
1983.3614367212151 85714.28571428572 1081.3045690468396 3365.48832993825 2.4746005156517598e-05 1233.5088500626496 8.846497509019285 4.964414169678807 -10973695.323056653
2073.441385595942 85714.28571428572 1162.9461826262614 3358.637769856964 2.5168406778648394e-05 1241.5443525287399 8.808018280374485 4.934771711279273 -10872654.953835806
2163.521334470669 85714.28571428572 1250.1794124585315 3351.206774291977 2.5613311862697145e-05 1249.2005097322074 8.766306305941775 4.902680854639235 -10764011.174744025
2253.601283345396 85714.28571428572 1343.3723040582572 3343.1432592012693 2.6087232887879496e-05 1256.6178159562803 8.721074434160494 4.86793228405866 -10647243.823648462
2343.6812322201217 85714.28571428572 1442.9066151833772 3334.3893317974475 2.6597328152451155e-05 1263.9317376558115 8.672003370265365 4.8302947755667045 -10521798.958371684
2433.7611810948492 85714.28571428572 1549.176301272808 3324.8804560724307 2.7151654363091373e-05 1271.2767970939847 8.61873689969014 4.789512256855638 -10387087.684584185
2523.8411299695754 85714.28571428572 1662.58521421442 3314.5444660942717 2.7759480794183132e-05 1278.7910053796693 8.560876130149426 4.745300307973269 -10242485.154049937
2613.921078844302 85714.28571428572 1783.5437507808838 3303.3003375300173 2.843169417763037e-05 1286.620958730139 8.497972319517869 4.697341909900576 -10087329.814891174
2704.0010277190286 85714.28571428572 1912.4641815079144 3291.056782946352 2.9181327928478247e-05 1294.9280045911783 8.42951826382538 4.645282348709773 -9920923.020990524
2794.080976593756 85714.28571428572 2049.7541179700493 3277.710387184639 3.0024283254433695e-05 1303.8960990643047 8.35493706611162 4.588722811671135 -9742529.142094322
542.082254725585 107142.85714285716 291.6102931515433 3467.8011441927238 1.4386419206779655e-05 832.5473224940974 9.304047164660828 5.2580091478063045 -11247728.395412372
632.1622036003118 107142.85714285716 323.6555494864951 3466.139476815559 1.5490924755262538e-05 894.3497452617162 9.294523126701506 5.250465311791243 -11220024.710714538
722.242152475039 107142.85714285716 356.91615011342606 3464.2978768223397 1.6435727118777123e-05 946.4124126413267 9.283970429222968 5.242108462604857 -11189382.087578991
812.3221013497656 107142.85714285716 391.6902800948716 3462.26778182354 1.725200216763846e-05 990.5454684876746 9.272340820531976 5.232900958053776 -11155677.253337072
902.4020502244928 107142.85714285716 428.2399346909201 3460.0389191865697 1.7964078773988298e-05 1028.154516277766 9.259576382930472 5.222797607100215 -11118761.876524197
992.4819990992193 107142.85714285716 466.808456954026 3457.5993250206902 1.859138072393444e-05 1060.353726480713 9.24560990299185 5.211746107072344 -11078464.96334258
1082.561947973946 107142.85714285716 507.63099157518553 3454.9357054853267 1.9149704346834708e-05 1088.0407246562759 9.23036601975495 5.199687492141256 -11034594.030275434
1172.6418968486726 107142.85714285716 550.9410662028134 3452.032901145498 1.9652121975258508e-05 1111.948267778356 9.213759610702548 5.186555616586159 -10986935.5255117
1262.7218457234 107142.85714285716 596.9751323428465 3448.8741569620784 2.01096118769192e-05 1132.6811138652447 9.195696422571713 5.172277203993341 -10935254.7571744
1352.8017945981262 107142.85714285716 645.975788904905 3445.4409379274193 2.0531533209702798e-05 1150.743094561777 9.176072291456862 5.156771395667121 -10879295.477770522
1442.8817434728535 107142.85714285716 698.1942200168729 3441.712800571514 2.092598631640334e-05 1166.5574784164057 9.154772450146458 5.139949255315606 -10818779.215895534
1532.9616923475803 107142.85714285716 753.8921116664673 3437.66723662604 2.1300095049433482e-05 1180.4826165222871 9.13167068123053 5.1217131627096455 -10753404.413355762
1623.0416412223071 107142.85714285716 813.3432072332014 3433.2794879738694 2.1660234370682376e-05 1192.8241946253224 9.10662831129794 5.101956095204904 -10682845.406807676
1713.1215900970337 107142.85714285716 876.8345946789844 3428.522330660387 2.2012219502310688e-05 1203.844999238199 9.07949303362979 5.080560790418483 -10606751.281872505
1803.2015389717612 107142.85714285716 944.6677755462755 3423.3658245113907 2.2361468536569e-05 1213.7728376212362 9.050097539457882 5.057398778407595 -10524744.62138099
1893.2814878464876 107142.85714285716 1017.1595366241446 3417.77702364538 2.2713147689534543e-05 1222.8070757104663 9.01825793020743 5.032329266769927 -10436420.166276846
1983.3614367212151 107142.85714285716 1094.6426228277194 3411.7196417722926 2.307230676425234e-05 1231.124141041212 8.983771874444649 5.0051978566792705 -10341343.406870168
2073.441385595941 107142.85714285716 1177.4661907159377 3405.1536647702305 2.3444011565742075e-05 1238.882259691504 8.946416463478135 4.975835061734397 -10239049.123142367
2163.521334470669 107142.85714285716 1265.9960026698786 3398.034898722109 2.3833479936283742e-05 1246.225645577515 8.905945699603192 4.944054591697788 -10129039.895506546
2253.6012833453947 107142.85714285716 1360.614303136954 3390.314444775349 2.4246228352465695e-05 1253.288329613795 8.862087550904269 4.909651358278113 -10010784.611872615
2343.6812322201217 107142.85714285716 1461.719291585779 3381.9380792624556 2.468823752683205e-05 1260.1978029291977 8.814540455594411 4.872399138854194 -9883717.003285408
2433.7611810948483 107142.85714285716 1569.7240811974893 3372.845525656604 2.5166147046321577e-05 1267.0786494962806 8.762969165709709 4.832047827859525 -9747234.249212196
2523.8411299695754 107142.85714285716 1685.0549903469932 3362.9695869642705 2.568749274110134e-05 1274.0563632756846 8.706999742862115 4.788320172028097 -9600695.705389671
2613.921078844302 107142.85714285716 1808.1489617359757 3352.235098238271 2.6261005544301642e-05 1281.2615861029547 8.646213458425274 4.740907853429037 -9443421.822924549
2704.00102771903 107142.85714285716 1939.449864265937 3340.5577046796957 2.6896995873936987e-05 1288.835067647583 8.580139441170537 4.689466790387249 -9274693.348405497
2794.0809765937556 107142.85714285716 2079.4032551972286 3327.842281097035 2.760786662428951e-05 1296.9337825173764 8.508245276479338 4.633611312258559 -9093750.923037667
542.0822547264219 128571.42857142858 294.63095030850684 3510.1535617367163 1.3563794411544246e-05 832.3401036586108 9.426860405582223 5.294360179482638 -10633563.66700498
632.1622036003118 128571.42857142858 327.01746447554535 3508.551022002667 1.460238873299402e-05 894.0828901307455 9.417553673403248 5.286864831767432 -10605572.614126774
722.2421524750384 128571.42857142858 360.6349831239727 3506.775117354398 1.5489795213540616e-05 946.0808732863928 9.407242782144925 5.2785620151332004 -10574611.205910238
812.3221013497656 128571.42857142858 395.78532261355247 3504.8176439544495 1.6255412942032188e-05 990.1442284118052 9.395880918252281 5.269414433997437 -10540554.59245401
902.402050224492 128571.42857142858 432.7338428056245 3502.6687586371672 1.692217155792887e-05 1027.678401714911 9.383411886217369 5.259377312334268 -10503252.551848358
992.4819990992193 128571.42857142858 471.72719234469866 3500.3170806419257 1.750836139781646e-05 1059.7972431898506 9.369770724254773 5.248398905067265 -10462531.90102572
1082.561947973946 128571.42857142858 513.0038523309295 3497.749716965263 1.80288469824643e-05 1087.3979136820221 9.354883879410595 5.236420657318365 -10418197.668441035
1172.6418968486728 128571.42857142858 556.8008679056254 3494.9522372924175 1.8495906347109362e-05 1111.2125601912292 9.33866909353655 5.223377134166051 -10370033.505738305
1262.7218457233996 128571.42857142858 603.3584166094074 3491.9085261047767 1.891983487187112e-05 1131.8451890963775 9.321034829817144 5.209195712313259 -10317801.59862901
1352.8017945981262 128571.42857142858 652.9231600528775 3488.601034164335 1.9309380957550303e-05 1149.7987227641552 9.301880774931517 5.193796504081474 -10261242.227438971
1442.8817434728537 128571.42857142858 705.7506871043537 3485.010195125529 1.9672096234606713e-05 1165.495355168489 9.281095848603696 5.177091482238074 -10200073.068696233
1532.9616923475803 128571.42857142858 762.1075144569136 3481.1144135685945 2.0014596523178454e-05 1179.2921741606406 9.258557799305581 5.158984002856716 -10133988.295800794
1623.0416412223071 128571.42857142858 822.2727642961326 3476.8901353357314 2.034276688268151e-05 1191.4933774601243 9.234132971458742 5.139368311587922 -10062657.51740205
1713.121590097034 128571.42857142858 886.539504590108 3472.3114228744216 2.0661942527995343e-05 1202.360004009775 9.207674560264433 5.118128540114712 -9985724.580661315
1803.2015389717615 128571.42857142858 955.2159309146117 3467.349782884668 2.0977056000607403e-05 1212.1178016846595 9.179021516096487 5.0951378175890865 -9902806.25996593
1893.2814878464876 128571.42857142858 1028.6263595951848 3461.973900635376 2.129276828155794e-05 1220.9636997200432 9.147997083488267 5.070257192444652 -9813490.848197335
1983.3614367212135 128571.42857142858 1107.1120447539233 3456.1493337778047 2.1613589032863055e-05 1229.071227577031 9.114407112483116 5.043334393509848 -9717336.666421749
2073.4413855959415 128571.42857142858 1191.031779793389 3449.838076253631 2.194399447015884e-05 1236.5951476085595 9.078037860154238 5.014202334256828 -9613870.508397736
2163.521334470668 128571.42857142858 1280.7623983050253 3442.9984806857683 2.2288532544431026e-05 1243.6754881963966 9.038654687393953 4.982677747684197 -9502586.038387826
2253.6012833453947 128571.42857142858 1376.6987620867992 3435.5842855247597 2.2651960601016432e-05 1250.4412122121944 8.995997944317251 4.948558856926926 -9382942.164425949
2343.6812322201226 128571.42857142858 1479.2536429910374 3427.5443928705836 2.303936937534635e-05 1257.013602689244 8.949780820623984 4.911623432975985 -9254361.414595505
2433.761181094849 128571.42857142858 1588.8570488460696 3418.8221347495405 2.345634028587997e-05 1263.5095754156432 8.899685407453026 4.871626116176877 -9116228.351341756
2523.8411299695754 128571.42857142858 1705.9550051678225 3409.3545052695026 2.390913016307118e-05 1270.0450584554578 8.845358291518918 4.828295335138823 -8967888.068887036
2613.9210788443024 128571.42857142858 1831.0075996051185 3399.071248086878 2.440489912475927e-05 1276.7386295283636 8.786405255184539 4.781329636864669 -8808644.832182296
2704.0010277190295 128571.42857142858 1964.486060761746 3387.893758588799 2.495199991423379e-05 1283.7156455985216 8.722384823862463 4.730393270940523 -8637760.933574207
2794.080976593756 128571.42857142858 2106.8685698590843 3375.733756073497 2.556035445848549e-05 1291.1131763116061 8.652800337663754 4.675110824858497 -8454455.867004974
542.0822547261663 150000.0 297.4788839608758 3551.075560347324 1.2830571401309792e-05 832.1574220632856 9.544598062873972 5.328654632376359 -10026640.420844952
632.1622036016889 150000.0 330.1867442244733 3549.5268713184023 1.3810723465195939e-05 893.8477281734498 9.535485813514132 5.321199539285644 -9998378.448688153
722.2421524750388 150000.0 364.14023964589455 3547.8107831133975 1.4647348222095004e-05 945.7888378981278 9.525391263108395 5.312941572494674 -9967116.542462377
812.3221013497656 150000.0 399.6445852402577 3545.9194131843356 1.5368261431221864e-05 989.790967708219 9.514268861876188 5.303843721564358 -9932728.378377013
902.4020502244929 150000.0 436.96828277404416 3543.8433032178195 1.599514764281833e-05 1027.2594408391417 9.502063927618043 5.293861551851723 -9895061.967816532
992.4819990992193 150000.0 476.3610516776024 3541.571519197756 1.6545292613060052e-05 1059.3078443498887 9.488713259661912 5.282943716542591 -9853942.082270069
1082.5619479739457 150000.0 518.064492526447 3539.0916779554996 1.7032731725908132e-05 1086.8329498116211 9.474145323411996 5.271032119043503 -9809171.426684462
1172.6418968486732 150000.0 562.3189055920172 3536.3899253737554 1.746904398898498e-05 1110.566394346548 9.458280154282257 5.258061847888928 -9760531.04265789
1262.7218457233998 150000.0 609.3679424768844 3533.450879314256 1.7863920699655105e-05 1131.1115516211948 9.441029058593147 5.243960948124815 -9707780.20383328
1352.8017945981262 150000.0 659.461972188873 3530.2575440825785 1.8225585367551983e-05 1148.9705883408658 9.422294152210046 5.228650063115212 -9650655.954961354
1442.8817434728535 150000.0 712.8606501693332 3526.791199717867 1.8561112435606866e-05 1164.5648004402933 9.40196775698812 5.212041963898617 -9588872.38636802
1532.9616923475803 150000.0 769.8349721734576 3523.0312672204127 1.8876675508901267e-05 1178.2502190419787 9.379931662325486 5.194040972943897 -9522119.701803833
1623.0416412223071 150000.0 830.6689798126818 3518.9551493411777 1.9177745664531568e-05 1190.3298087638173 9.356056250390722 5.174542282221142 -9450063.117921388
1713.121590097034 150000.0 895.6612168120222 3514.5380454085644 1.946925412439321e-05 1201.0631634094643 9.33019947683173 5.153431160246503 -9372341.621905005
1803.2015389717612 150000.0 965.1259926893249 3509.7527376618764 1.9755729584343274e-05 1210.6743352281476 9.30220569281362 5.130582038237343 -9288566.606900122
1893.2814878464876 150000.0 1039.3944821365935 3504.5693455727446 2.004141794346779e-05 1219.3582566670436 9.271904288308075 5.105857461123627 -9198320.401136927
1983.361436721215 150000.0 1118.8156674987558 3498.955043572004 2.0330390570116573e-05 1227.2860945405887 9.239108130078266 5.0791068844571345 -9101154.705076123
2073.441385595943 150000.0 1203.7570898262989 3492.873651450732 2.0626648777155532e-05 1234.6097995703963 9.203611513548477 5.050165222825012 -8996588.951026948
2163.521334470669 150000.0 1294.6055427813656 3486.285641232396 2.0934213134665468e-05 1241.466031983644 9.165189185578111 5.018851573187909 -8884108.601278732
2253.601283345395 150000.0 1391.7672239871006 3479.1470167814805 2.12572471338712e-05 1247.9796984186974 9.123591926427395 4.984966808744913 -8763163.403814677
2343.6812322201217 150000.0 1495.6679721759238 3471.4094391902304 2.1600150685801768e-05 1254.2671441917262 9.078545545036768 4.9482919596771415 -8633165.629258333
2433.761181094849 150000.0 1606.752860421451 3463.0193464957974 2.1967694738386145e-05 1260.4392357214738 9.029746700910573 4.9085854730806355 -8493488.319098663
2523.841129969576 150000.0 1725.4854036905087 3453.917319293913 2.236516729188586e-05 1266.6044177082154 8.976859123951005 4.865580317682659 -8343463.583865705
2613.9210788443024 150000.0 1852.3460789860403 3444.0371836355635 2.279855504450472e-05 1272.8719241177912 8.91950866741685 4.8189804276124475 -8182381.001393585
2704.0010277190286 150000.0 1987.830206940371 3433.305365922208 2.3274755582757207e-05 1279.355287234627 8.857278594345232 4.768456795919095 -8009486.180477859
2794.080976593756 150000.0 2132.444381434509 3421.6392375970954 2.380187950708053e-05 1286.1764794433864 8.789701232264397 4.713642025048108 -7823979.57533192
